	num_unique_subclones	mean_apparent_ccf	mean_true_ccfs	mean_diff	ccf_diff_higher_true	ccf_diff_lower_true	ks_pval	ks_stat	sp_pval	sp_rho	mean_fit	max_fit	prop_total_subclones	num_clones_over_0.01	mean_fit_over_0.01	max_fit_over_0.01	prop_total_subclones_over_0.01	prop_over0.01_subclones_over_0.01	ITH	ITH_over_0.01	n_clonal	n_subclonal	n_subclonal_over_0.01
504	5	0.526077097505669	0.378934420121041	0.155129279525989	0.0419296612421451	-0.211590369837431	2.82086058487341e-05	0.592373791621912	1.36842747005847e-06	0.845840611106198	15.1441423231496	20.1978243545319	0.00243664717348928	7	12.5820423083864	20.1978243545319	0.00341130604288499	0.212121212121212	1.33333333333333	1.11111111111111	9	12	10
485	2	0.740756013745704	0.530355068848483	0.211498731832289	0.00411670100650449	-0.351583063941259	7.25737914497593e-06	0.693877551020408	4.22758739896126e-06	0.902242620213959	17.688711429098	20.1978243545319	0.000974658869395711	5	13.1586052626941	20.1978243545319	0.00243664717348928	0.151515151515152	0.363636363636364	0.363636363636364	11	4	4
463	2	0.755795536357091	0.530355068848483	0.225440467508608	NA	-0.30741881932992	1.57018701374412e-08	0.846938775510204	4.22758739896126e-06	0.902242620213959	17.688711429098	20.1978243545319	0.000974658869395711	5	13.1586052626941	20.1978243545319	0.00243664717348928	0.151515151515152	0.363636363636364	0.363636363636364	11	4	4
515	1	1	0.710520525688172	0.289479474311828	NA	-0.454896316775729	2.49861774603843e-08	0.959183673469388	NA	NA	15.1795985036641	15.1795985036641	0.000487329434697856	3	11.0413149145703	15.1795985036641	0.00146198830409357	0.0909090909090909	0	0	11	0	0
535	2	0.864557872034508	0.607231953609541	0.257325918424967	NA	-0.371692993280508	3.09410863819082e-07	0.826530612244898	0.0148401497468031	0.656294820615145	19.9840208403905	24.7884431771169	0.000974658869395711	4	14.478096980207	24.7884431771169	0.00194931773879142	0.121212121212121	0.181818181818182	0.181818181818182	11	2	2
499	2	0.868804275217101	0.526401672534121	0.34240260268298	NA	-0.466912640022245	3.93144965471492e-08	0.825850340136054	0.0161243643794507	0.608291850456726	24.8338697444364	24.879296311756	0.000974658869395711	5	16.5583368465168	24.879296311756	0.00243664717348928	0.151515151515152	0.153846153846154	0.153846153846154	13	2	2
524	2	0.877099236641221	0.526401672534121	0.3506975641071	NA	-0.478223951055136	3.93144965471492e-08	0.825850340136054	0.0161243643794507	0.608291850456726	24.8338697444364	24.879296311756	0.000974658869395711	5	16.5583368465168	24.879296311756	0.00243664717348928	0.151515151515152	0.153846153846154	0.153846153846154	13	2	2
495	1	1	0.607231953609541	0.392768046390459	NA	-0.567331622563997	1.34593591827326e-09	0.959183673469388	NA	NA	24.7884431771169	24.7884431771169	0.000487329434697856	4	14.478096980207	24.7884431771169	0.00194931773879142	0.121212121212121	0	0	13	0	0
509	6	0.565217391304348	0.343305525899792	0.221911865404555	NA	-0.268630152858146	9.1449343742056e-07	0.677228786251343	2.45621652457e-10	0.925857761085127	18.5108404820386	24.7884431771169	0.00292397660818713	7	16.1809862358923	24.7884431771169	0.00341130604288499	0.212121212121212	1.09090909090909	0.727272727272727	11	12	8
550	51	0.116920556920557	0.0704571259073338	0.0464634310132231	NA	-0.0482003817053062	0.361563722770527	0.153777300393842	9.2805915092888e-29	0.824843432599448	17.0509449472129	20.3349635917069	0.0248538011695906	26	17.0065616730378	20.3349635917069	0.0126705653021442	0.787878787878788	9.09090909090909	4.18181818181818	11	100	46
461	5	0.614089453568846	0.381799384339104	0.254951982820736	0.0594875231763588	-0.393541657425387	5.09595065256718e-07	0.723889555822329	1.14341414205796e-06	0.848930274860207	15.5874829301537	20.2787219473387	0.00243664717348928	6	12.8936970306981	20.1978243545319	0.00292397660818713	0.181818181818182	0.615384615384615	0.307692307692308	13	8	4
496	2	0.861290322580645	0.530355068848483	0.347935174795664	0.0637497039881307	-0.565725357106521	3.93144965471492e-08	0.825850340136054	0.000329245094988916	0.801292396973236	17.688711429098	20.1978243545319	0.000974658869395711	5	13.1586052626941	20.1978243545319	0.00243664717348928	0.151515151515152	0.153846153846154	0.153846153846154	13	2	2
453	2	0.810448859455482	0.530355068848483	0.280093790606999	NA	-0.381946078100453	9.58910062465179e-10	0.908163265306122	0.000329245094988916	0.801292396973236	17.688711429098	20.1978243545319	0.000974658869395711	5	13.1586052626941	20.1978243545319	0.00243664717348928	0.151515151515152	0.666666666666667	0.666666666666667	9	6	6
521	1	1	0.710520525688172	0.289479474311828	NA	-0.454896316775729	2.49861774603843e-08	0.959183673469388	NA	NA	15.1795985036641	15.1795985036641	0.000487329434697856	3	11.0413149145703	15.1795985036641	0.00146198830409357	0.0909090909090909	0	0	11	0	0
551	2	0.921820466285076	0.607231953609541	0.314588512675536	NA	-0.454405629420218	1.19899945527635e-08	0.908163265306122	0.0148401497468031	0.656294820615145	19.9840208403905	24.7884431771169	0.000974658869395711	4	14.478096980207	24.7884431771169	0.00194931773879142	0.121212121212121	0.181818181818182	0.181818181818182	11	2	2
496	2	0.902956989247312	0.526401672534121	0.37655531671319	NA	-0.513484522790714	2.48836784511042e-09	0.887755102040816	0.0161243643794507	0.608291850456726	24.8338697444364	24.879296311756	0.000974658869395711	5	16.5583368465168	24.879296311756	0.00243664717348928	0.151515151515152	0.153846153846154	0.153846153846154	13	2	2
513	2	0.962573099415205	0.526401672534121	0.436171426881083	NA	-0.594779218474205	9.58910062465179e-10	0.908163265306122	0.0161243643794507	0.608291850456726	24.8338697444364	24.879296311756	0.000974658869395711	5	16.5583368465168	24.879296311756	0.00243664717348928	0.151515151515152	0.153846153846154	0.153846153846154	13	2	2
511	2	0.866666666666667	0.526929559423915	0.339737107242751	NA	-0.463277873512843	3.81813676231246e-08	0.826530612244898	0.000333622689776838	0.800853434723807	22.6643788544811	24.7884431771169	0.000974658869395711	5	15.6905404905346	24.7884431771169	0.00243664717348928	0.151515151515152	0.153846153846154	0.153846153846154	13	2	2
497	10	0.445084298896829	0.272634233279727	0.176461713203865	0.0290844450040284	-0.21996612143061	3.79173759446072e-06	0.643394199785177	2.70085687925963e-11	0.900998856886674	17.8857881170193	24.7884431771169	0.00487329434697856	7	16.2490154702288	24.7884431771169	0.00341130604288499	0.212121212121212	1.23076923076923	0.461538461538462	13	16	6
513	5	0.603570329332102	0.411458599428434	0.192111729903669	NA	-0.243341524544647	2.17074492170344e-06	0.688475390156062	2.00337751345996e-06	0.862761683742768	16.4257123281427	19.383297189166	0.00243664717348928	6	14.0966945292216	19.383297189166	0.00292397660818713	0.181818181818182	0.727272727272727	0.545454545454545	11	8	6
522	3	0.79490646833446	0.459588196970984	0.335318271363476	NA	-0.438493124090699	6.89208514703665e-08	0.770108043217287	1.7642829861423e-05	0.847315380764966	20.5468233713037	21.1639238120405	0.00146198830409357	6	15.3426789281976	21.1639238120405	0.00292397660818713	0.181818181818182	0.307692307692308	0.307692307692308	13	4	4
523	3	0.767180294680013	0.459588196970984	0.307592097709029	NA	-0.402235820081038	2.73893666635772e-08	0.790516206482593	1.7642829861423e-05	0.847315380764966	20.5468233713037	21.1639238120405	0.00146198830409357	6	15.3426789281976	21.1639238120405	0.00292397660818713	0.181818181818182	0.545454545454545	0.545454545454545	11	6	6
485	5	0.618262150220913	0.382237250529204	0.23640713107245	0.0020067147488904	-0.330702421534912	2.55182541764043e-11	0.887755102040816	1.96466996554399e-08	0.903788450941642	21.2019165014132	32.8734221708943	0.00243664717348928	7	16.9921672045291	32.8734221708943	0.00341130604288499	0.212121212121212	1.33333333333333	1.11111111111111	9	12	10
506	25	0.204027856201769	0.12709845340021	0.076929402801559	NA	-0.0821449555338681	6.50255604917049e-09	0.751700680272109	1.82927945318827e-25	0.913212520702242	24.2149340519655	33.2524684099085	0.0121832358674464	8	17.8950372889434	32.8734221708943	0.00389863547758285	0.242424242424242	6	1.33333333333333	9	54	12
519	7	0.418397202597588	0.32184953297752	0.104724242460453	0.0275959333363	-0.143008990162476	1.13675355358778e-05	0.616004296455424	4.93181094444452e-17	0.970896978484569	22.1352794985656	32.8734221708943	0.00341130604288499	7	14.7902816223845	24.7884431771169	0.00341130604288499	0.212121212121212	2	1.11111111111111	9	18	10
494	2	0.812145748987854	0.566579165131625	0.245566583856229	NA	-0.334863523440312	9.58910062465179e-10	0.908163265306122	0.000329245094988916	0.801292396973236	20.2283769335578	24.7884431771169	0.000974658869395711	5	14.7161397221653	24.7884431771169	0.00243664717348928	0.151515151515152	0.666666666666667	0.666666666666667	9	6	6
493	3	0.697888080181363	0.50004100988601	0.197847070295352	NA	-0.258723091924692	2.73893666635772e-08	0.790516206482593	3.69221363556374e-08	0.935243447935013	21.7786833929572	24.879296311756	0.00146198830409357	6	16.4099991537637	24.879296311756	0.00292397660818713	0.181818181818182	0.888888888888889	0.888888888888889	9	8	8
466	6	0.52	0.340773700953549	0.186398348712282	0.0448253104114421	-0.240542531420219	9.94531149656197e-08	0.697278911564626	1.0385847857416e-12	0.945663271510871	19.8931829206208	24.7884431771169	0.00292397660818713	8	17.019383380514	24.7884431771169	0.00389863547758285	0.242424242424242	1.77777777777778	1.33333333333333	9	16	12
548	11	0.392059278920593	0.255800737300437	0.172241764343845	0.296861587470431	-0.188527964755778	3.02737938051578e-06	0.622448979591837	8.64104307294499e-07	0.739878502469987	17.1495411726017	24.7484228415943	0.00536062378167641	8	14.9082553634007	20.5403145318453	0.00389863547758285	0.242424242424242	2	0.909090909090909	11	22	10
537	10	0.391767803249213	0.269939852920575	0.121827950328638	NA	-0.14132042238122	4.74594891378688e-05	0.606242496998799	2.09697163832412e-13	0.931867804530871	16.8161478854232	20.5403145318453	0.00487329434697856	6	14.7747611959968	20.5403145318453	0.00292397660818713	0.181818181818182	1.63636363636364	0.545454545454545	11	18	6
522	3	0.592476489028213	0.371142909368699	0.248668524873112	0.0601368794699153	-0.397694088450683	3.79078202293881e-05	0.550092764378479	0.00129060271306979	0.641538805963362	17.8787505941905	21.1639238120405	0.00146198830409357	7	13.1890962805596	21.1639238120405	0.00341130604288499	0.212121212121212	0.692307692307692	0.692307692307692	13	9	9
477	5	0.476616674729882	0.313885238808922	0.173345246394381	0.0275959072308927	-0.256999815888202	8.52429238307195e-12	0.887755102040816	4.09217378933547e-09	0.877197203519257	13.5237376955461	20.2787219473387	0.00243664717348928	6	11.8599583586462	20.2787219473387	0.00292397660818713	0.181818181818182	5.5	4	4	22	16
478	4	0.577231520223152	0.340457597893806	0.236773922329346	NA	-0.284128706795215	2.91923152317963e-11	0.804421768707483	4.09966340544433e-05	0.736291436863811	20.7064414180156	32.8734221708943	0.00194931773879142	8	15.189148481676	32.8734221708943	0.00389863547758285	0.242424242424242	5	5	4	20	20
527	17	0.285397068916791	0.165936677964442	0.119460390952349	NA	-0.130572985459544	6.72398245749051e-07	0.656462585034014	9.42500621042799e-17	0.887577901984412	23.5478528998577	32.8734221708943	0.00828460038986355	8	19.618813054857	32.8734221708943	0.00389863547758285	0.242424242424242	3.27272727272727	0.909090909090909	11	36	10
470	6	0.448	0.336141493495608	0.113608619676865	0.0109382073279547	-0.148333635645564	0.000198629020669916	0.53813104189044	1.52450795037072e-15	0.969500728207887	23.6603041418479	32.8734221708943	0.00292397660818713	7	16.6737248277348	32.8734221708943	0.00341130604288499	0.212121212121212	1.27272727272727	0.727272727272727	11	14	8
530	1	1	0.746568481213969	0.253431518786031	NA	-0.398249529520905	2.49861774603843e-08	0.959183673469388	NA	NA	15.6683106899986	15.6683106899986	0.000487329434697856	3	11.2042189766818	15.6683106899986	0.00146198830409357	0.0909090909090909	0	0	11	0	0
443	2	0.923945129362737	0.632444905113407	0.291500224249329	NA	-0.421055879471253	1.19899945527635e-08	0.908163265306122	0.0148401497468031	0.656294820615145	20.2083667657965	24.7484228415943	0.000974658869395711	4	14.5902699429099	24.7484228415943	0.00194931773879142	0.121212121212121	0.181818181818182	0.181818181818182	11	2	2
524	3	0.568204447394623	0.392851660696791	0.235612526843516	0.115497835279227	-0.363546238901962	1.89922668455411e-05	0.578231292517007	5.91949570824822e-08	0.872059487275433	25.6551849528774	30.2412439345193	0.00146198830409357	8	18.2817996208658	30.2412439345193	0.00389863547758285	0.242424242424242	0.769230769230769	0.615384615384615	13	10	8
480	8	0.437619047619048	0.264272026187075	0.192423521244374	0.166919373358509	-0.220723603339175	5.4805715521411e-11	0.737156931738213	1.04409149750406e-15	0.928014337760121	20.1424605979788	30.2412439345193	0.00389863547758285	12	18.0798848252384	30.2412439345193	0.00584795321637427	0.363636363636364	2.88888888888889	2.22222222222222	9	26	20
489	7	0.421597730721024	0.278523101457666	0.188890814827082	0.118358479372953	-0.245022113495325	0.000451136869284552	0.433145672061928	1.95795023037097e-05	0.687133911584298	20.1137243856638	30.2412439345193	0.00341130604288499	12	17.4008430555529	30.2412439345193	0.00584795321637427	0.363636363636364	1.81818181818182	1.63636363636364	11	20	18
496	3	0.517045454545455	0.370887751059669	0.388892359240632	0.534016242660662	-0.452734668460815	8.95720164706404e-11	0.846938775510204	0.00445615581941762	0.582385640000475	14.2172414643565	20.2787219473387	0.00146198830409357	6	11.8599583586462	20.2787219473387	0.00292397660818713	0.181818181818182	1	0.818181818181818	11	11	9
513	6	0.52399517311798	0.208271674746875	0.315723498371105	NA	-0.390011380340776	2.49861774603843e-08	0.959183673469388	4.59077034823279e-08	0.894378087421786	11.3738318509503	15.5789133969865	0.00292397660818713	3	9.34960937155358	12.1936060231923	0.00146198830409357	0.0909090909090909	0.909090909090909	0	11	10	0
503	2	0.605666003976143	0.405373163095165	0.282720942330593	0.164856202899231	-0.439103439283247	2.52275977885574e-12	0.908163265306122	0.00298080756567943	0.628789283554393	14.8368107769147	17.4800155306371	0.000974658869395711	6	11.3935072891959	17.4800155306371	0.00292397660818713	0.181818181818182	4	4	4	16	16
498	2	0.844444444444444	0.555997602826015	0.324625341180699	0.135669373358509	-0.51089348566594	1.57018701374412e-08	0.846938775510204	0.000329245094988916	0.801292396973236	16.5741631103179	17.4800155306371	0.000974658869395711	5	12.7127859351821	17.4800155306371	0.00243664717348928	0.151515151515152	0.153846153846154	0.153846153846154	13	2	2
496	2	0.738709677419355	0.555997602826015	0.187902534181107	0.0194642234541267	-0.308845507312039	7.62242589458229e-06	0.692517006802721	4.22758739896126e-06	0.902242620213959	16.5741631103179	17.4800155306371	0.000974658869395711	5	12.7127859351821	17.4800155306371	0.00243664717348928	0.151515151515152	0.363636363636364	0.363636363636364	11	4	4
482	2	0.850622406639004	0.632083522100617	0.218538884538387	NA	-0.315667277666559	6.84406366247003e-07	0.805337519623234	0.0148401497468031	0.656294820615145	17.7203559107177	19.7724011314369	0.000974658869395711	4	13.3462645153706	19.7724011314369	0.00194931773879142	0.121212121212121	0.181818181818182	0.181818181818182	11	2	2
513	3	0.835477582846004	0.548441084028577	0.287036498817427	NA	-0.391413407478309	2.48836784511042e-09	0.887755102040816	0.000938115581022872	0.762943212961733	20.0630448876766	24.7484228415943	0.00146198830409357	5	15.6266961806153	24.7484228415943	0.00243664717348928	0.151515151515152	0.363636363636364	0.363636363636364	11	4	4
510	11	0.350715421303657	0.244343290963707	0.148320641005156	0.0970059309132913	-0.188472650795378	0.00134683841886518	0.428163265306122	0.000180409243806827	0.577818218342534	19.6396597575766	30.2412439345193	0.00536062378167641	10	17.0835634143387	24.7484228415943	0.00487329434697856	0.303030303030303	2.36363636363636	1.27272727272727	11	26	14
512	8	0.496448863636364	0.274056237463196	0.240336767388341	0.148039165025176	-0.282779073843144	6.91206647474019e-09	0.67838246409675	1.85823185108361e-15	0.934547547278097	21.5594238159609	30.2412439345193	0.00389863547758285	11	19.3810498874726	30.2412439345193	0.00536062378167641	0.333333333333333	1.2	0.8	15	18	12
509	5	0.62380848431929	0.320080169029097	0.313325286221823	0.0647795537884983	-0.396677315257725	2.57569326977958e-08	0.698314108251996	4.84082087952397e-12	0.925548563012049	23.0123424700805	30.2412439345193	0.00243664717348928	9	18.8344382057975	30.2412439345193	0.0043859649122807	0.272727272727273	0.588235294117647	0.352941176470588	17	10	6
491	2	0.846153846153846	0.345682542474666	0.516687991922999	0.0527042367924123	-0.944505060202024	2.49861774603843e-08	0.959183673469388	0.00109664116707583	0.797318267316506	14.3148763882379	16.4361467532835	0.000974658869395711	3	9.34960937155358	12.1936060231923	0.00146198830409357	0.0909090909090909	0.181818181818182	0	11	2	0
498	5	0.460843373493976	0.190520120501158	0.270323252992818	NA	-0.324387903591382	5.85243742357022e-08	0.694805194805195	4.62102530162737e-12	0.943875278396437	16.6128686455717	24.4063640008298	0.00243664717348928	7	13.931744396955	24.4063640008298	0.00341130604288499	0.212121212121212	1.66666666666667	1.44444444444444	9	15	13
527	10	0.290970518813348	0.214409349458426	0.201692606907324	0.366456352832036	-0.190140080445868	1.12423403919593e-11	0.741606319947334	1.50438569420918e-06	0.671975523759876	15.5620901285737	24.4063640008298	0.00487329434697856	10	13.7066590335915	24.4063640008298	0.00487329434697856	0.303030303030303	9.25	6.75	4	37	27
501	2	0.744510978043912	0.555997602826015	0.188513375217897	NA	-0.257063693478951	9.08530231047422e-08	0.806122448979592	4.22758739896126e-06	0.902242620213959	16.5741631103179	17.4800155306371	0.000974658869395711	5	12.7127859351821	17.4800155306371	0.00243664717348928	0.151515151515152	0.363636363636364	0.363636363636364	11	4	4
516	1	1	0.746568481213969	0.253431518786031	NA	-0.398249529520905	2.49861774603843e-08	0.959183673469388	NA	NA	15.6683106899986	15.6683106899986	0.000487329434697856	3	11.2042189766818	15.6683106899986	0.00146198830409357	0.0909090909090909	0	0	11	0	0
510	2	0.893815987933635	0.632083522100617	0.261732465833018	NA	-0.378058006203248	1.19899945527635e-08	0.908163265306122	0.0148401497468031	0.656294820615145	17.7203559107177	19.7724011314369	0.000974658869395711	4	13.3462645153706	19.7724011314369	0.00194931773879142	0.121212121212121	0.181818181818182	0.181818181818182	11	2	2
507	11	0.414264808805752	0.265120325161814	0.149144483643938	NA	-0.171239962702299	3.79173759446072e-06	0.643394199785177	3.80104153039807e-15	0.940666419335617	17.5255340740336	20.5472966778928	0.00536062378167641	7	15.2267165519448	19.7724011314369	0.00341130604288499	0.212121212121212	1.38461538461538	0.461538461538462	13	18	6
482	18	0.282808559108291	0.177312673641241	0.10549588546705	NA	-0.114474258698288	0.000132810243959391	0.407914385266302	1.98903695577177e-33	0.974416636021768	18.8020925336398	29.1633813314478	0.0087719298245614	18	18.2286233942218	29.1633813314478	0.0087719298245614	0.545454545454545	4.66666666666667	3.55555555555556	9	42	32
499	5	0.628145179247384	0.334978592703907	0.336648691512656	0.146752104270981	-0.447500329145146	2.36660135932709e-10	0.812925170068027	3.38501159301904e-10	0.893945591305601	24.1697911936628	29.1633813314478	0.00243664717348928	8	18.5475598629494	29.1633813314478	0.00389863547758285	0.242424242424242	0.8	0.4	15	12	6
502	2	0.894736842105263	0.443353186328289	0.451383655776974	NA	-0.571752630650834	7.9471984548718e-12	0.908163265306122	0.000466545883176433	0.723240570679579	28.5578743563911	29.1633813314478	0.000974658869395711	7	18.958881173371	29.1633813314478	0.00341130604288499	0.212121212121212	0.266666666666667	0.266666666666667	15	4	4
528	3	0.733333333333333	0.299714942417967	0.433618390915366	NA	-0.591297805793682	6.32828022206766e-08	0.86734693877551	2.41157632456821e-06	0.910616281089461	13.5191570876217	16.4361467532835	0.00146198830409357	4	11.1212437169861	16.4361467532835	0.00194931773879142	0.121212121212121	0.666666666666667	0.444444444444444	9	6	4
480	7	0.393452380952381	0.16289783859975	0.231423165681253	0.0024321453201402	-0.340404626972335	0.00102467126816241	0.459183673469388	3.06014895387837e-09	0.864376861799639	14.8173233031241	24.4063640008298	0.00341130604288499	7	12.0319020765809	16.6326143120003	0.00341130604288499	0.212121212121212	1.54545454545455	1	11	17	11
512	22	0.173354640151515	0.133047688656002	0.167536691445624	0.599797345479095	-0.124706185764683	1.62370766942921e-07	0.612244897959184	9.76032047166551e-06	0.514809943396778	16.0790182615859	24.4063640008298	0.0107212475633528	10	15.7658251154819	24.4063640008298	0.00487329434697856	0.303030303030303	15.5	6	4	62	24
518	19	0.228943228943229	0.161568470685461	0.142001318281442	0.402983424127844	-0.125625645923526	0.000170444929262881	0.406122448979592	2.57893608590602e-24	0.930369200871098	17.9749406942206	23.6732199790335	0.00925925925925926	16	16.6109358234269	23.6732199790335	0.00779727095516569	0.484848484848485	12.5	9	4	50	36
515	3	0.473705501618123	0.379648832749599	0.117029290593483	0.030630162299946	-0.230275592140371	6.50432487647734e-07	0.622448979591837	3.52887301036303e-08	0.869323490392925	18.6243579665877	22.6948624911458	0.00146198830409357	8	13.9996064124498	22.6948624911458	0.00389863547758285	0.242424242424242	1.18181818181818	1.18181818181818	11	13	13
505	3	0.726266744321491	0.506622077986572	0.219644666334919	NA	-0.287227640591817	1.88376403364998e-09	0.846938775510204	5.77869077792716e-06	0.869612328781678	17.6502041800181	19.7724011314369	0.00146198830409357	6	14.0610707434224	19.7724011314369	0.00292397660818713	0.181818181818182	0.888888888888889	0.888888888888889	9	8	8
518	10	0.394056394056394	0.261035741357934	0.13302065269846	NA	-0.15136832893273	5.29751298916636e-06	0.567755102040816	1.0399404510931e-17	0.953558174805287	17.8657585304759	20.5472966778928	0.00487329434697856	10	15.3916253783107	19.7724011314369	0.00487329434697856	0.303030303030303	2.66666666666667	1.77777777777778	9	24	16
518	14	0.300815100815101	0.201097176672905	0.0998771009652654	0.00179073925953233	-0.115150976023535	1.61279828936323e-07	0.588874259381172	3.94876528538354e-17	0.900257683680721	18.3628498094951	29.1633813314478	0.00682261208576998	13	17.6007464717088	29.1633813314478	0.00633528265107212	0.393939393939394	4	2.44444444444444	9	36	22
518	2	0.886201991465149	0.443724396423005	0.442477595042144	NA	-0.560471620386716	1.66508584698022e-10	0.853920515574651	2.08816066702802e-06	0.862049736122091	23.3748498124537	29.1633813314478	0.000974658869395711	7	17.4780170179603	29.1633813314478	0.00341130604288499	0.212121212121212	0.117647058823529	0.117647058823529	17	2	2
515	2	0.85426673479816	0.443294223836728	0.410972510961432	NA	-0.520565180551147	7.9471984548718e-12	0.908163265306122	9.98844679924825e-06	0.832050294337844	24.6269275677303	29.1633813314478	0.000974658869395711	7	17.8357535194679	29.1633813314478	0.00341130604288499	0.212121212121212	0.461538461538462	0.461538461538462	13	6	6
495	4	0.647058823529412	0.26367892276684	0.383379900762571	NA	-0.501342947151055	3.52398998171299e-06	0.713605442176871	1.8946501520995e-07	0.918946593488188	12.9053967208055	16.4361467532835	0.00194931773879142	5	11.118488525231	16.4361467532835	0.00243664717348928	0.151515151515152	0.545454545454545	0.363636363636364	11	6	4
499	6	0.523809523809524	0.21352520859233	0.316149221133981	0.0307907560631329	-0.438503475445822	6.67603565418506e-06	0.629430719656283	1.14341414205796e-06	0.848930274860207	12.2107964558921	16.4361467532835	0.00292397660818713	7	11.2566852292601	16.4361467532835	0.00341130604288499	0.212121212121212	1.33333333333333	1.11111111111111	9	12	10
482	25	0.200928335325972	0.0765512157399248	0.124446759047953	0.00102718206309988	-0.138496309805717	0.000260516484281048	0.435813034891376	1.00250362888837e-16	0.839414498034619	21.4702404416216	30.3715188070585	0.0121832358674464	13	18.1064721323894	27.9184563393929	0.00633528265107212	0.393939393939394	5.55555555555556	2.44444444444444	9	50	22
485	33	0.176489489891552	0.0589296145439506	0.117655262485489	0.00183620240433334	-0.127546236712309	0.0129075731472168	0.306398234969663	4.6517445573185e-26	0.88077711659892	22.0339115429645	30.3715188070585	0.0160818713450292	16	19.6194097363878	27.9184563393929	0.00779727095516569	0.484848484848485	6	2.36363636363636	11	66	26
492	3	0.541666666666667	0.354790951638587	0.402819135919886	0.518264210140337	-0.471755880758372	2.62665444950017e-11	0.806122448979592	0.0129166237369142	0.499659059030903	18.8192024606532	22.6948624911458	0.00146198830409357	8	14.0726730977243	22.6948624911458	0.00389863547758285	0.242424242424242	5	5	4	20	20
509	6	0.565559067224737	0.34831495786549	0.217244109359247	NA	-0.262979711329615	2.48836784511042e-09	0.887755102040816	1.81761006150996e-11	0.942549577096815	18.0769346228745	24.6169272416177	0.00292397660818713	5	13.0357113622588	17.5099007186188	0.00243664717348928	0.151515151515152	1.09090909090909	0.363636363636364	11	12	4
494	9	0.448415468379171	0.276836799258348	0.171578669120823	NA	-0.199031256180155	1.85230157878635e-08	0.731292517006803	2.29967076107625e-15	0.951652745869242	15.9282843466963	21.9325323749461	0.0043859649122807	8	13.973388885891	17.5863182934596	0.00389863547758285	0.242424242424242	1.63636363636364	0.909090909090909	11	18	10
489	6	0.565217391304348	0.348780653124726	0.216436738179622	NA	-0.262002367270069	6.89208514703665e-08	0.770108043217287	4.82789978062147e-09	0.900462805352506	15.7571908764955	17.5863182934596	0.00292397660818713	6	13.4651339481551	17.5863182934596	0.00292397660818713	0.181818181818182	1.09090909090909	0.545454545454545	11	12	6
507	5	0.538461538461538	0.337632479499043	0.201472941641944	0.0040242667465506	-0.26467236881871	7.20579151902712e-10	0.826530612244898	6.0955690121089e-12	0.936369511971883	19.9013292362873	29.1633813314478	0.00243664717348928	7	17.4780170179603	29.1633813314478	0.00341130604288499	0.212121212121212	0.923076923076923	0.461538461538462	13	12	6
526	3	0.778066840104062	0.435290435443812	0.342776404660251	NA	-0.434183445902984	7.20579151902712e-10	0.826530612244898	2.00337751345996e-06	0.862761683742768	19.0865642521625	20.0904738040128	0.00146198830409357	7	15.0919243881101	20.0904738040128	0.00341130604288499	0.212121212121212	0.461538461538462	0.461538461538462	13	6	6
474	1	1	0.407259764938602	0.592740235061398	NA	-0.931448940810769	2.49861774603843e-08	0.959183673469388	NA	NA	16.4361467532835	16.4361467532835	0.000487329434697856	3	10.7637896149173	16.4361467532835	0.00146198830409357	0.0909090909090909	0	0	11	0	0
496	6	0.481767180925666	0.196438858467878	0.285328322457788	NA	-0.345397442975217	0.000626300449652062	0.482993197278911	2.63478886982474e-07	0.851149293762405	14.1181257964109	21.7671802651129	0.00292397660818713	8	13.4258707811238	21.7671802651129	0.00389863547758285	0.242424242424242	1.09090909090909	0.909090909090909	11	12	10
490	13	0.355625327053898	0.116450862579296	0.239174464474602	NA	-0.266508688985986	2.23731485626821e-06	0.606477373558119	1.79346453384852e-23	0.966592579140222	20.3076656205718	27.9184563393929	0.00633528265107212	9	15.2164959571328	22.6948624911458	0.0043859649122807	0.272727272727273	3.33333333333333	1.55555555555556	9	30	14
546	18	0.290468396851376	0.0965879185600741	0.193880478291301	NA	-0.211915871620725	1.2392918049553e-06	0.642857142857143	9.69607026979832e-24	0.94652987548308	23.6882587118123	30.3715188070585	0.0087719298245614	8	17.7078207468653	27.9184563393929	0.00389863547758285	0.242424242424242	2.61538461538462	0.615384615384615	13	34	8
507	3	0.541666666666667	0.355492971602322	0.26491197171536	0.188971863962437	-0.360868533423764	8.10007616536268e-12	0.824829931972789	1.18540365370644e-05	0.767858406893079	19.0546837791371	22.6948624911458	0.00146198830409357	8	14.1609785921558	22.6948624911458	0.00389863547758285	0.242424242424242	5	5	4	20	20
497	7	0.40625	0.269842687966849	0.152176419966556	0.0360436752763546	-0.219873319618824	7.26874116452336e-12	0.826530612244898	1.97519245446598e-11	0.884132766436365	16.2731167740769	21.9325323749461	0.00341130604288499	8	13.5128583705899	18.2163446740704	0.00389863547758285	0.242424242424242	7	5	4	28	20
517	9	0.32565011820331	0.240332251526592	0.106711191757937	0.0550114073517073	-0.138260922072951	0.0016066970021914	0.393877551020408	4.7123529642753e-08	0.767533056398633	15.3577987868315	18.2163446740704	0.0043859649122807	11	13.9258648577658	18.2163446740704	0.00536062378167641	0.333333333333333	3	2.33333333333333	9	27	21
496	14	0.323304383788255	0.208619540828906	0.114684842959349	NA	-0.127791682154703	3.46394246619752e-10	0.806122448979592	1.94826445872495e-14	0.893594403407574	14.8731036015201	17.5863182934596	0.00682261208576998	8	13.6454913929626	17.5863182934596	0.00389863547758285	0.242424242424242	2.54545454545455	0.909090909090909	11	28	10
474	11	0.384086799276673	0.236518728602935	0.147568070673738	NA	-0.166609112050994	4.83599937872725e-09	0.705714285714286	1.13112625826442e-15	0.927652186878649	17.2168088509621	22.9212148149668	0.00536062378167641	10	15.9256980840014	22.9212148149668	0.00487329434697856	0.303030303030303	2.18181818181818	1.27272727272727	11	24	14
501	4	0.714285714285714	0.393238686357452	0.321047027928263	NA	-0.396587505087854	8.04003530419095e-11	0.959183673469388	6.3250539840808e-07	0.858651884410329	19.7023025129222	22.9212148149668	0.00194931773879142	5	13.5933357238596	19.5829006590151	0.00243664717348928	0.151515151515152	0.4	0	15	6	0
511	1	1	0.407259764938602	0.592740235061398	NA	-0.931448940810769	2.49861774603843e-08	0.959183673469388	NA	NA	16.4361467532835	16.4361467532835	0.000487329434697856	3	10.7637896149173	16.4361467532835	0.00146198830409357	0.0909090909090909	0	0	11	0	0
531	2	0.834274952919021	0.30092852011314	0.533346432805881	NA	-0.727290590189838	9.58910062465179e-10	0.908163265306122	0.000441103722962699	0.791319125419239	19.1016635091982	21.7671802651129	0.000974658869395711	5	14.454978756787	21.7671802651129	0.00243664717348928	0.151515151515152	0.363636363636364	0.363636363636364	11	4	4
474	2	0.9971870604782	0.30092852011314	0.69625854036506	NA	-0.949443464134173	8.04003530419095e-11	0.959183673469388	0.0161243643794507	0.608291850456726	19.9917624695916	21.7671802651129	0.000974658869395711	5	14.454978756787	21.7671802651129	0.00243664717348928	0.151515151515152	0	0	15	0	0
524	2	0.979134860050891	0.30092852011314	0.678206339937751	NA	-0.924826827187842	8.04003530419095e-11	0.959183673469388	0.0161243643794507	0.608291850456726	19.9917624695916	21.7671802651129	0.000974658869395711	5	14.454978756787	21.7671802651129	0.00243664717348928	0.151515151515152	0	0	15	0	0
509	2	0.869024230517354	0.30092852011314	0.568095710404215	NA	-0.77467596873302	3.93144965471492e-08	0.825850340136054	0.0161243643794507	0.608291850456726	19.9917624695916	21.7671802651129	0.000974658869395711	5	14.454978756787	21.7671802651129	0.00243664717348928	0.151515151515152	0.153846153846154	0.153846153846154	13	2	2
489	2	0.645296523517382	0.41156515986681	0.573522510422438	0.485415923959808	-0.896948748970011	2.181132373269e-06	0.642857142857143	0.202156092461276	0.29784755536787	15.3438009446491	18.2163446740704	0.000974658869395711	6	12.2233189347833	18.2163446740704	0.00292397660818713	0.181818181818182	0.538461538461538	0.538461538461538	13	7	7
529	6	0.372715816005041	0.287405969311221	0.111538134639122	0.0437138132421688	-0.173689395293772	4.43265590188702e-05	0.527210884353741	1.91780513803189e-10	0.877675507781233	15.5647979636625	18.2163446740704	0.00292397660818713	8	12.8391561910845	18.2163446740704	0.00389863547758285	0.242424242424242	1.72727272727273	1.18181818181818	11	19	13
471	9	0.445493813602753	0.280000077538118	0.168176094870042	0.0194471013392031	-0.210357067328384	3.32671378709959e-05	0.509826152683295	4.82783721911927e-10	0.876030980406677	15.1362587049577	16.7646025129737	0.0043859649122807	11	13.9061407649674	16.7646025129737	0.00536062378167641	0.333333333333333	1.63636363636364	1.45454545454545	11	18	16
466	11	0.423298589822195	0.235956290437791	0.187342299384404	NA	-0.211515499304972	5.29751298916636e-06	0.567755102040816	2.26629739936298e-20	0.963041966414593	16.13242188898	22.9212148149668	0.00536062378167641	10	15.43064947132	22.9212148149668	0.00487329434697856	0.303030303030303	1.69230769230769	0.923076923076923	13	22	12
524	4	0.714285714285714	0.393238686357452	0.321047027928263	NA	-0.396587505087854	1.55886809016792e-08	0.73469387755102	7.40207961540427e-06	0.81322713819654	19.7023025129222	22.9212148149668	0.00194931773879142	8	15.8991235014965	22.9212148149668	0.00389863547758285	0.242424242424242	0.615384615384615	0.615384615384615	13	8	8
504	9	0.381499726327313	0.274462332865116	0.11199977695044	0.0359772802897642	-0.138088650912314	2.82086058487341e-05	0.592373791621912	2.31334003599883e-10	0.882976516992305	19.0462449208857	33.9914467065659	0.0043859649122807	7	12.5820423083864	20.1978243545319	0.00341130604288499	0.212121212121212	2.22222222222222	1.11111111111111	9	20	10
487	2	0.743189596167009	0.530355068848483	0.212834527318526	NA	-0.290228900888899	2.11551002271548e-07	0.785714285714286	4.22758739896126e-06	0.902242620213959	17.688711429098	20.1978243545319	0.000974658869395711	5	13.1586052626941	20.1978243545319	0.00243664717348928	0.151515151515152	0.363636363636364	0.363636363636364	11	4	4
507	2	0.739644970414201	0.530355068848483	0.212609775163793	0.0124495259927791	-0.351583063941259	7.62242589458229e-06	0.692517006802721	4.22758739896126e-06	0.902242620213959	17.688711429098	20.1978243545319	0.000974658869395711	5	13.1586052626941	20.1978243545319	0.00243664717348928	0.151515151515152	0.363636363636364	0.363636363636364	11	4	4
491	1	1	0.710520525688172	0.289479474311828	NA	-0.454896316775729	2.49861774603843e-08	0.959183673469388	NA	NA	15.1795985036641	15.1795985036641	0.000487329434697856	3	11.0413149145703	15.1795985036641	0.00146198830409357	0.0909090909090909	0	0	11	0	0
533	2	0.883388656371771	0.607231953609541	0.27615670276223	NA	-0.398893015100999	2.78102216810794e-08	0.887755102040816	0.0148401497468031	0.656294820615145	19.9840208403905	24.7884431771169	0.000974658869395711	4	14.478096980207	24.7884431771169	0.00194931773879142	0.121212121212121	0.181818181818182	0.181818181818182	11	2	2
492	3	0.771401243424199	0.464715820385793	0.306685423038406	NA	-0.401050168588685	3.93144965471492e-08	0.825850340136054	0.000415751804919341	0.75858260613626	25.5679087574368	27.0359867834375	0.00146198830409357	5	16.9896749408531	27.0359867834375	0.00243664717348928	0.151515151515152	0.307692307692308	0.153846153846154	13	4	2
520	3	0.771266968325792	0.464715820385793	0.306551147939999	NA	-0.400874578075383	5.09595065256718e-07	0.723889555822329	0.000844105745477413	0.731610780140304	25.5679087574368	27.0359867834375	0.00146198830409357	6	18.3046118360036	27.0359867834375	0.00292397660818713	0.181818181818182	0.307692307692308	0.307692307692308	13	4	4
496	1	1	0.607231953609541	0.392768046390459	NA	-0.567331622563997	1.34593591827326e-09	0.959183673469388	NA	NA	24.7884431771169	24.7884431771169	0.000487329434697856	4	14.478096980207	24.7884431771169	0.00194931773879142	0.121212121212121	0	0	13	0	0
491	7	0.52	0.316038158030784	0.203961841969216	NA	-0.242811716630019	9.94531149656197e-08	0.697278911564626	1.77951164305313e-11	0.929962899549305	18.0489837703282	24.7884431771169	0.00341130604288499	8	16.068093393914	24.7884431771169	0.00389863547758285	0.242424242424242	1.27272727272727	0.909090909090909	11	14	10
520	56	0.105691056910569	0.0636934866808447	0.0419975702297244	NA	-0.0434092532626564	0.0296975884765088	0.241675617615467	1.23996790908578e-39	0.873478945265818	16.9442117061432	20.3349635917069	0.0272904483430799	26	16.9342764962144	20.3349635917069	0.0126705653021442	0.787878787878788	10.1818181818182	4.18181818181818	11	112	46
461	17	0.291877560858038	0.178356414442516	0.122804992300134	0.0348144220672936	-0.151923946317207	1.89922668455411e-05	0.578231292517007	2.28817562506161e-11	0.806435695344358	20.3126014713748	33.9914467065659	0.00828460038986355	8	16.6864236195214	33.9914467065659	0.00389863547758285	0.242424242424242	2.46153846153846	0.615384615384615	13	32	8
482	4	0.62062833432128	0.381995085669046	0.254504752779184	0.083325396666487	-0.345196601001993	3.79173759446072e-06	0.643394199785177	1.14341414205796e-06	0.848930274860207	19.2699134897757	21.1639238120405	0.00194931773879142	7	15.3193817246928	21.1639238120405	0.00341130604288499	0.212121212121212	0.615384615384615	0.461538461538462	13	8	6
494	3	0.62689111442574	0.42208537335541	0.210287543281323	0.0260385605022161	-0.303337400103132	9.58910062465179e-10	0.908163265306122	6.6297794338933e-09	0.931874962981353	22.4405679242561	31.9442809145722	0.00146198830409357	5	13.1586052626941	20.1978243545319	0.00243664717348928	0.151515151515152	1.11111111111111	0.666666666666667	9	10	6
498	1	1	0.710520525688172	0.289479474311828	NA	-0.454896316775729	2.49861774603843e-08	0.959183673469388	NA	NA	15.1795985036641	15.1795985036641	0.000487329434697856	3	11.0413149145703	15.1795985036641	0.00146198830409357	0.0909090909090909	0	0	11	0	0
510	2	0.933031674208145	0.607231953609541	0.325799720598604	NA	-0.470599596420206	1.19899945527635e-08	0.908163265306122	0.0148401497468031	0.656294820615145	19.9840208403905	24.7884431771169	0.000974658869395711	4	14.478096980207	24.7884431771169	0.00194931773879142	0.121212121212121	0.181818181818182	0.181818181818182	11	2	2
510	3	0.810149942329873	0.464715820385793	0.34543412194408	NA	-0.45172154408072	1.88376403364998e-09	0.846938775510204	0.000415751804919341	0.75858260613626	25.5679087574368	27.0359867834375	0.00146198830409357	6	18.3046118360036	27.0359867834375	0.00292397660818713	0.181818181818182	0.307692307692308	0.307692307692308	13	4	4
483	5	0.693778960859706	0.376290683493348	0.317488277366358	NA	-0.39219140145256	5.12656666007416e-08	0.710884353741496	2.84922722068917e-07	0.870703138928368	25.5068622433305	27.0359867834375	0.00243664717348928	8	20.0822819950454	27.0359867834375	0.00389863547758285	0.242424242424242	0.615384615384615	0.615384615384615	13	8	8
472	7	0.524915254237288	0.316677886270758	0.20823736796653	NA	-0.247901628531583	0.00021300467592078	0.479183673469388	1.79780632020973e-12	0.942941012408258	22.0344483035663	27.0359867834375	0.00341130604288499	10	18.7365082868675	27.0359867834375	0.00487329434697856	0.303030303030303	0.923076923076923	0.923076923076923	13	12	12
522	10	0.446029858633901	0.273171046283783	0.176936917607465	0.0295662631157639	-0.220523394973259	6.67603565418506e-06	0.629430719656283	8.48978735100525e-13	0.924172749243069	17.5722541435408	24.7884431771169	0.00487329434697856	7	14.8136350269431	20.5403145318453	0.00341130604288499	0.212121212121212	1.63636363636364	0.727272727272727	11	18	8
515	12	0.36075316269491	0.237201254047725	0.123551908647185	NA	-0.14059355121921	6.67603565418506e-06	0.629430719656283	3.57810664356529e-10	0.8508446615644	16.9588183479937	19.383297189166	0.00584795321637427	7	14.2786017713061	19.383297189166	0.00341130604288499	0.212121212121212	2	0.727272727272727	11	22	8
447	4	0.728011303426351	0.41125011735702	0.316761186069331	NA	-0.401230835687819	3.74388905988177e-07	0.697636949516649	2.38371955549564e-07	0.894568566092732	20.5446943506943	21.1639238120405	0.00194931773879142	7	16.0849115511503	21.1639238120405	0.00341130604288499	0.212121212121212	0.461538461538462	0.461538461538462	13	6	6
523	5	0.645634161886552	0.372279714467266	0.273354447419286	NA	-0.337673140929706	6.72398245749051e-07	0.656462585034014	2.35542835136058e-09	0.923681736316165	22.8246116634699	31.9442809145722	0.00243664717348928	8	18.067332721578	31.9442809145722	0.00389863547758285	0.242424242424242	0.909090909090909	0.909090909090909	11	10	10
478	6	0.579225031835547	0.349178436310543	0.230390338170184	0.00197652020978847	-0.311472043382039	3.35771410675534e-11	0.846938775510204	3.63351503414577e-08	0.878196666647809	22.992310570273	32.8734221708943	0.00292397660818713	8	18.8611814182845	32.8734221708943	0.00389863547758285	0.242424242424242	1.55555555555556	1.33333333333333	9	14	12
484	20	0.234367690628411	0.151078801213754	0.0832888894146566	NA	-0.0900879824280979	6.50255604917049e-09	0.751700680272109	1.94265244136474e-20	0.903809546109457	23.5782658149904	32.8734221708943	0.00974658869395711	8	17.8950372889434	32.8734221708943	0.00389863547758285	0.242424242424242	4.88888888888889	1.33333333333333	9	44	12
479	5	0.493873105201053	0.377822491893869	0.128050112589813	0.0344985604375587	-0.187143889854364	5.03909177329565e-06	0.63641245972073	1.70094760288696e-12	0.954381470082891	21.1979580144622	32.8734221708943	0.00243664717348928	7	14.7902816223845	24.7884431771169	0.00341130604288499	0.212121212121212	1.55555555555556	1.11111111111111	9	14	10
545	3	0.714624932541824	0.500166549148296	0.214458383393528	NA	-0.280445578283844	2.73893666635772e-08	0.790516206482593	5.77869077792716e-06	0.869612328781678	22.497580216851	27.0359867834375	0.00146198830409357	6	16.7694475657107	27.0359867834375	0.00292397660818713	0.181818181818182	0.888888888888889	0.888888888888889	9	8	8
512	6	0.562160326086957	0.370280323668244	0.191880002418713	NA	-0.2322757924016	3.66307043586644e-08	0.717687074829932	5.58644443291718e-11	0.935884658826434	20.7977890595021	27.0359867834375	0.00292397660818713	8	16.628922848621	27.0359867834375	0.00389863547758285	0.242424242424242	1.55555555555556	1.33333333333333	9	14	12
502	9	0.419354838709677	0.275349925455039	0.163224214653594	0.148949585841909	-0.190482059303104	4.11872453920381e-08	0.666530612244898	2.96189867878957e-11	0.887228954645692	18.5832646014257	24.7884431771169	0.0043859649122807	10	16.6561976879036	24.7884431771169	0.00487329434697856	0.303030303030303	1.81818181818182	1.27272727272727	11	20	14
495	14	0.332400932400932	0.216849395456926	0.146634703358887	0.151530436272544	-0.164923602771174	0.00022250061093243	0.463718820861678	1.90171997249801e-07	0.723966892540556	17.3982015949696	24.7484228415943	0.00682261208576998	11	15.0105517188789	20.5403145318453	0.00536062378167641	0.333333333333333	2.54545454545455	1.45454545454545	11	28	16
520	8	0.450769230769231	0.313475952470103	0.137293278299128	NA	-0.163444378927533	4.74594891378688e-05	0.606242496998799	1.45419685450447e-11	0.931219104720323	16.9774825423784	20.5403145318453	0.00389863547758285	6	14.7747611959968	20.5403145318453	0.00292397660818713	0.181818181818182	1.27272727272727	0.545454545454545	11	14	6
495	5	0.514296814296814	0.314188553440169	0.221442690157361	0.0554695161818623	-0.322362491951887	3.79078202293881e-05	0.550092764378479	2.25355138029648e-06	0.783092929185932	21.1563659145066	26.2855122859673	0.00243664717348928	7	13.1890962805596	21.1639238120405	0.00341130604288499	0.212121212121212	1	0.692307692307692	13	13	9
505	8	0.398205445544554	0.255113632371084	0.150125044945521	0.0225063416705631	-0.203976944778429	5.3358714113827e-09	0.69309262166405	9.88636412036218e-15	0.931687164709363	18.5523379061311	26.2855122859673	0.00389863547758285	9	16.4685758031394	26.2855122859673	0.0043859649122807	0.272727272727273	7	5.5	4	28	22
458	6	0.490642545227698	0.291979978807468	0.208374387333037	0.0271930985558586	-0.29992196592346	8.10007616536268e-12	0.824829931972789	1.99125281550915e-07	0.808086770271332	23.280316812175	32.8734221708943	0.00292397660818713	8	15.189148481676	32.8734221708943	0.00389863547758285	0.242424242424242	6	5	4	24	20
483	22	0.208475255459828	0.141568978027298	0.0789309751733851	0.0532522328523575	-0.0886461731526151	2.20946747497841e-06	0.577708006279435	1.76254891557005e-21	0.884025404856611	23.8461193379377	32.8734221708943	0.0107212475633528	9	15.2423887270452	32.8734221708943	0.0043859649122807	0.272727272727273	5.88888888888889	1.88888888888889	9	53	17
493	3	0.581509554820113	0.442288585786225	0.153017427308916	0.0327665884031902	-0.252387705932422	7.62242589458229e-06	0.692517006802721	6.6297794338933e-09	0.931874962981353	22.0072494638433	32.8734221708943	0.00146198830409357	5	12.7127859351821	17.4800155306371	0.00243664717348928	0.151515151515152	0.727272727272727	0.363636363636364	11	8	4
502	2	0.846766779037695	0.632202902044586	0.214563876993109	NA	-0.309925600101158	2.49861774603843e-08	0.959183673469388	0.0148401497468031	0.656294820615145	18.8220993862586	21.9758880825187	0.000974658869395711	3	11.2042189766818	15.6683106899986	0.00146198830409357	0.0909090909090909	0.181818181818182	0	11	2	0
470	5	0.585410334346505	0.402281866034648	0.183128468311857	NA	-0.226217519679352	1.3785700314628e-07	0.69047619047619	1.26634685015095e-07	0.881845180509068	18.9614638017631	24.7484228415943	0.00243664717348928	8	15.9914079690658	24.7484228415943	0.00389863547758285	0.242424242424242	0.909090909090909	0.909090909090909	11	10	10
513	15	0.265942634363687	0.189140145459121	0.107384399968193	0.124876136843145	-0.115707148138015	0.000537865542402538	0.440665154950869	3.13622980000858e-11	0.782445515721533	18.8680907484179	30.2412439345193	0.00730994152046784	11	16.888606243443	24.7484228415943	0.00536062378167641	0.333333333333333	3.45454545454545	1.45454545454545	11	38	16
523	12	0.33398550402419	0.215387380528538	0.141057424344004	0.120718742059897	-0.159502693672931	3.3878718164182e-08	0.632301196340605	1.98578998676637e-14	0.873996349332926	19.7644657816117	30.2412439345193	0.00584795321637427	12	18.0798848252384	30.2412439345193	0.00584795321637427	0.363636363636364	3.77777777777778	2.22222222222222	9	34	20
501	11	0.348789600286606	0.22190577185041	0.131839207431836	0.0483149452074847	-0.152881793922019	6.27164756794585e-08	0.605661619486504	1.34493871059552e-13	0.881186339301802	24.804777799922	43.1251605067425	0.00536062378167641	13	19.254009351361	30.2412439345193	0.00633528265107212	0.393939393939394	2.54545454545455	1.81818181818182	11	28	20
507	5	0.35694033530572	0.257336043789583	0.247415395454103	0.47299553260149	-0.241404999631471	1.31056249186301e-08	0.687755102040816	8.12921209140047e-09	0.821792902753977	12.9805965209286	20.2787219473387	0.00243664717348928	7	11.8797153928268	20.2787219473387	0.00341130604288499	0.212121212121212	7	5.25	4	28	21
519	8	0.389003578309937	0.158870425690546	0.23013315261939	NA	-0.268488678055955	3.53996845925408e-06	0.693877551020408	8.68277126418771e-16	0.959229265568277	11.6714852607785	15.5789133969865	0.00389863547758285	4	10.0117714281428	12.1936060231923	0.00194931773879142	0.121212121212121	1.54545454545455	0.454545454545455	11	17	5
474	2	0.593881856540084	0.405373163095165	0.329857532074828	0.282697677259818	-0.471242023199771	2.52275977885574e-12	0.908163265306122	0.0582991697152496	0.430224246642479	14.8368107769147	17.4800155306371	0.000974658869395711	6	11.3935072891959	17.4800155306371	0.00292397660818713	0.181818181818182	4	4	4	16	16
482	3	0.561863447755564	0.396006151906984	0.192536274080241	0.146734380274139	-0.246395579326064	1.27943211580828e-11	0.846938775510204	0.000771595421003653	0.662984594231285	15.1139774146093	17.4800155306371	0.00146198830409357	7	12.0041934893106	17.4800155306371	0.00341130604288499	0.212121212121212	1.44444444444444	1.44444444444444	9	13	13
502	2	0.735989375830013	0.555997602826015	0.190622835770449	0.0398664853741884	-0.308845507312039	7.62242589458229e-06	0.692517006802721	4.22758739896126e-06	0.902242620213959	16.5741631103179	17.4800155306371	0.000974658869395711	5	12.7127859351821	17.4800155306371	0.00243664717348928	0.151515151515152	0.363636363636364	0.363636363636364	11	4	4
520	2	0.847633136094675	0.632083522100617	0.215549613994057	NA	-0.31134944243586	2.49861774603843e-08	0.959183673469388	0.0148401497468031	0.656294820615145	17.7203559107177	19.7724011314369	0.000974658869395711	3	11.2042189766818	15.6683106899986	0.00146198830409357	0.0909090909090909	0.181818181818182	0	11	2	0
489	4	0.735594851437507	0.484294158450271	0.251300692987236	NA	-0.328623983137155	5.06726716142936e-09	0.826530612244898	0.00011417040101524	0.800323886511103	20.5412556863871	24.7484228415943	0.00194931773879142	6	16.6848948309326	24.7484228415943	0.00292397660818713	0.181818181818182	0.545454545454545	0.545454545454545	11	6	6
470	18	0.2546516478932	0.17747230415506	0.105893487250133	0.12203510992597	-0.113862370492706	0.0220812454025751	0.302102659245516	7.33592370907198e-07	0.62987944793304	19.3080771149291	30.2412439345193	0.0087719298245614	14	17.5090479198185	27.2126415405314	0.00682261208576998	0.424242424242424	3.63636363636364	2	11	40	22
485	15	0.334231011992426	0.189308340160652	0.165375535473225	0.0835158598692592	-0.194930925101858	2.09732942124674e-07	0.599225897255454	3.12989754053617e-17	0.885177697378533	21.7467735326443	30.3974930461496	0.00730994152046784	12	20.1962441744705	30.2412439345193	0.00584795321637427	0.363636363636364	2.26666666666667	0.933333333333333	15	34	14
482	7	0.548253245884085	0.279157917997337	0.282361420204245	0.0514061077303007	-0.371633895452626	2.65870081506137e-09	0.768707482993197	1.24759280949516e-11	0.894089767971919	28.6481029152055	43.1251605067425	0.00341130604288499	8	20.3691765185145	30.2412439345193	0.00389863547758285	0.242424242424242	0.823529411764706	0.235294117647059	17	14	4
516	7	0.278559771521828	0.120241083679874	0.158318687841953	NA	-0.17694441582336	3.44755011182363e-05	0.542590949423247	1.00174119906779e-15	0.914602566989417	11.5162672430941	16.4361467532835	0.00341130604288499	6	11.122705513253	16.4361467532835	0.00292397660818713	0.181818181818182	8.5	4.75	4	34	19
484	7	0.424348378893833	0.175864803835046	0.248483575058787	NA	-0.293662406887658	6.80974563072034e-07	0.643784786641929	3.98426241201198e-14	0.954625712259279	15.3186599299709	24.4063640008298	0.00341130604288499	7	13.931744396955	24.4063640008298	0.00341130604288499	0.212121212121212	1.88888888888889	1.44444444444444	9	17	13
486	18	0.187079495721471	0.139586021099573	0.137058769583677	0.403043827328007	-0.111796071009146	1.74634751104463e-10	0.684910327767471	4.02421885078907e-17	0.830198314412151	14.792149430709	24.4063640008298	0.0087719298245614	11	14.3515931187922	24.4063640008298	0.00536062378167641	0.333333333333333	14.75	7.25	4	59	29
498	6	0.31956397016638	0.255365770518058	0.071604441672751	0.0324023088568788	-0.0880202304858803	1.26420238777403e-06	0.564743138634764	3.17813852821436e-10	0.838673632632288	17.5783905029623	22.6948624911458	0.00292397660818713	9	12.5178029261205	17.4800155306371	0.0043859649122807	0.272727272727273	2.88888888888889	2.22222222222222	9	26	20
512	2	0.5505859375	0.435804122376334	0.159891293040968	0.0501216421303356	-0.392390154520905	2.49861774603843e-08	0.959183673469388	2.80938706750915e-10	0.946493342613454	19.1815865905722	22.6948624911458	0.000974658869395711	3	11.2042189766818	15.6683106899986	0.00146198830409357	0.0909090909090909	0.818181818181818	0	11	9	0
472	2	0.888852672750978	0.632083522100617	0.25676915065036	NA	-0.370888773161632	2.78102216810794e-08	0.887755102040816	0.0148401497468031	0.656294820615145	17.7203559107177	19.7724011314369	0.000974658869395711	4	13.3462645153706	19.7724011314369	0.00194931773879142	0.121212121212121	0.181818181818182	0.181818181818182	11	2	2
463	14	0.311594584628352	0.210261279673408	0.113563025865398	0.062677319666077	-0.133496205509606	0.00134683841886518	0.428163265306122	1.19321893269928e-11	0.834630189294089	18.1770295271042	24.7484228415943	0.00682261208576998	10	15.4422188736874	19.7724011314369	0.00487329434697856	0.303030303030303	2.72727272727273	1.27272727272727	11	30	14
515	19	0.25832570067778	0.170962215796078	0.0879382593006849	0.00761576105152473	-0.0988403451241117	4.21818194817902e-08	0.612574061882818	3.89060886527758e-19	0.891145802354294	18.5446686331263	29.1633813314478	0.00925925925925926	13	18.1516775907961	29.1633813314478	0.00633528265107212	0.393939393939394	3.81818181818182	1.81818181818182	11	42	20
470	5	0.610717100078802	0.335297814365205	0.312960007167287	0.25339986981241	-0.378243831137711	3.77626029335332e-08	0.668163265306122	4.5206149075769e-08	0.839183195898256	23.9549801740738	29.1633813314478	0.00243664717348928	10	19.0715220038649	29.1633813314478	0.00487329434697856	0.303030303030303	0.8	0.666666666666667	15	12	10
501	3	0.808763425529893	0.401847919607385	0.407592814454076	0.00355586979073505	-0.570155824263609	7.9471984548718e-12	0.908163265306122	3.3514528842591e-08	0.897974529181471	24.9006890020806	29.1633813314478	0.00146198830409357	7	18.958881173371	29.1633813314478	0.00341130604288499	0.212121212121212	0.4	0.266666666666667	15	6	4
535	3	0.733333333333333	0.299714942417967	0.433618390915366	NA	-0.591297805793682	6.64820134166355e-07	0.806122448979592	2.41157632456821e-06	0.910616281089461	13.5191570876217	16.4361467532835	0.00146198830409357	4	11.1212437169861	16.4361467532835	0.00194931773879142	0.121212121212121	0.363636363636364	0.181818181818182	11	4	2
480	5	0.458854166666667	0.190023469818997	0.268830696847669	NA	-0.322596836217203	0.000363466251076527	0.509183673469388	2.01549748564407e-11	0.935606876499361	16.1552397695034	24.4063640008298	0.00243664717348928	6	12.1416598735087	16.6326143120003	0.00292397660818713	0.181818181818182	1.18181818181818	0.818181818181818	11	13	9
482	25	0.157791609036422	0.121990803248476	0.152404430003971	0.599675781682414	-0.111071942434574	8.43690952778697e-06	0.519047619047619	1.74236145809274e-07	0.569884438225024	16.3109356127976	24.4063640008298	0.0121832358674464	11	16.075384765635	24.4063640008298	0.00536062378167641	0.333333333333333	17	6.5	4	68	26
494	21	0.19741661846925	0.139756992868852	0.135151632985316	0.348714033232131	-0.116799127797115	0.00613057199359091	0.293717486994798	4.41744748963932e-19	0.855401646262521	18.0232348930311	23.6732199790335	0.010233918128655	20	16.5856035297956	23.6732199790335	0.00974658869395711	0.606060606060606	14.75	11.75	4	59	47
509	3	0.484528487229862	0.379648832749599	0.128703484137527	0.142942977943584	-0.15572209241186	3.92666432702526e-09	0.72108843537415	3.52887301036303e-08	0.869323490392925	18.6243579665877	22.6948624911458	0.00146198830409357	8	13.9996064124498	22.6948624911458	0.00389863547758285	0.242424242424242	5	5	4	20	20
477	6	0.410691823899371	0.30430504206264	0.132507255160678	0.0559724428370302	-0.18860055552427	0.000280660045117842	0.439455782312925	1.9989295496249e-05	0.69534873389783	18.0854493651298	22.6948624911458	0.00292397660818713	11	14.9669521446013	22.6948624911458	0.00536062378167641	0.333333333333333	2.33333333333333	2.33333333333333	9	21	21
505	14	0.317073170731707	0.211052551774176	0.106374059475868	0.00181138265647583	-0.131942148723778	8.60296662854587e-05	0.47396199859254	3.25672938062971e-09	0.772639947856133	17.2399617187144	19.7724011314369	0.00682261208576998	12	15.6820778023073	19.7724011314369	0.00584795321637427	0.363636363636364	3.55555555555556	2.22222222222222	9	32	20
502	14	0.292961487383798	0.201179759383605	0.103322946797874	0.0432795704913031	-0.125424433798757	0.0230451764744296	0.28283621140764	3.5773369641617e-20	0.928970760289894	18.2265607377477	29.1633813314478	0.00682261208576998	17	17.2892994807637	29.1633813314478	0.00828460038986355	0.515151515151515	4	3.33333333333333	9	36	30
473	3	0.779724151817175	0.401877939254479	0.377846212562696	NA	-0.466751203753918	2.65870081506137e-09	0.768707482993197	2.6498972597245e-08	0.900575366242096	20.5183659237925	29.1633813314478	0.00146198830409357	8	17.143939659024	29.1633813314478	0.00389863547758285	0.242424242424242	0.235294117647059	0.235294117647059	17	4	4
493	3	0.779387617115812	0.401488735485943	0.378338538503689	0.00230819858755645	-0.529366194093491	7.9471984548718e-12	0.908163265306122	3.3120522192151e-09	0.920798345649944	21.3530844273102	29.1633813314478	0.00146198830409357	7	17.8357535194679	29.1633813314478	0.00341130604288499	0.212121212121212	0.615384615384615	0.461538461538462	13	8	6
458	4	0.647058823529412	0.26367892276684	0.383379900762571	NA	-0.501342947151055	7.62242589458229e-06	0.692517006802721	1.8946501520995e-07	0.918946593488188	12.9053967208055	16.4361467532835	0.00194931773879142	5	11.118488525231	16.4361467532835	0.00243664717348928	0.151515151515152	0.545454545454545	0.363636363636364	11	6	4
495	5	0.578947368421053	0.236001229336249	0.342946139084804	NA	-0.434398442840752	2.08095463083424e-09	0.806122448979592	4.92397412330566e-08	0.91308732452442	12.5883149026705	16.4361467532835	0.00243664717348928	7	11.2566852292601	16.4361467532835	0.00341130604288499	0.212121212121212	1.11111111111111	1.11111111111111	9	10	10
529	20	0.233825855483971	0.0921777233308607	0.14164813215311	NA	-0.154239077233386	4.58493914730074e-05	0.535492457852706	1.61355078170654e-14	0.847432471741622	19.8277107793943	27.9184563393929	0.00974658869395711	9	15.2012348334215	27.9184563393929	0.0043859649122807	0.272727272727273	4.44444444444444	1.55555555555556	9	40	14
476	44	0.138958676254007	0.0468225817730227	0.0921360944809841	NA	-0.0960989372543597	0.00664109071663321	0.33265306122449	4.77816630081685e-26	0.832015463634094	21.5946233755865	30.3715188070585	0.0214424951267057	15	19.7296570991451	27.9184563393929	0.00730994152046784	0.454545454545455	7.81818181818182	2.18181818181818	11	86	24
477	10	0.342105263157895	0.224200700290538	0.253711275737894	0.516065508908041	-0.24347244598275	9.36618614888474e-08	0.606122448979592	6.2892936805554e-13	0.875595630413906	20.632947930523	23.5542086157516	0.00487329434697856	11	16.2797614486957	23.5542086157516	0.00536062378167641	0.333333333333333	8.5	6.5	4	34	26
517	9	0.361111111111111	0.236885170659224	0.15124933102866	0.0540467811535464	-0.21558934289782	3.79173759446072e-06	0.643394199785177	0.000665744977285651	0.540533397122184	16.1640012184584	22.6948624911458	0.0043859649122807	7	14.0065397101247	17.8395860238359	0.00341130604288499	0.212121212121212	2.27272727272727	0.727272727272727	11	25	8
499	11	0.393939393939394	0.243678162388065	0.150499759262977	0.00196785362109852	-0.183798383275409	3.862978654956e-06	0.57469387755102	8.00615452924611e-10	0.842251949313024	15.206930426685	17.8395860238359	0.00536062378167641	10	13.9434082773564	17.5863182934596	0.00487329434697856	0.303030303030303	2	1.27272727272727	11	22	14
452	8	0.481481481481482	0.296923771718812	0.184557709762669	NA	-0.216654702764873	1.57018701374412e-08	0.846938775510204	3.30212112773731e-08	0.843481611852635	15.1014297834902	17.5863182934596	0.00389863547758285	5	12.8052402351914	17.5863182934596	0.00243664717348928	0.151515151515152	1.45454545454545	0.363636363636364	11	16	4
508	5	0.528976377952756	0.337929134798875	0.205733958504867	0.0458959854718335	-0.291750883572609	1.99962027968015e-05	0.555900621118012	3.85467018131218e-09	0.886034291421757	19.6820348176728	29.1633813314478	0.00243664717348928	9	17.4713323418005	29.1633813314478	0.0043859649122807	0.272727272727273	0.923076923076923	0.769230769230769	13	12	10
525	4	0.706848072562358	0.394247212654256	0.312600859908102	NA	-0.386154003415891	5.8523329515836e-09	0.785714285714286	1.51661216430151e-06	0.844041740575279	18.0162727257394	20.0904738040128	0.00194931773879142	7	15.0919243881101	20.0904738040128	0.00341130604288499	0.212121212121212	0.4	0.266666666666667	15	6	4
487	2	0.8464697520139	0.346448396474848	0.503077503795622	0.00993248183385083	-0.931448940810769	2.49861774603843e-08	0.959183673469388	0.0148401497468031	0.656294820615145	19.5655046222146	22.6948624911458	0.000974658869395711	3	10.7637896149173	16.4361467532835	0.00146198830409357	0.0909090909090909	0.181818181818182	0	11	2	0
483	4	0.579383240710472	0.237682928356293	0.344414924340864	0.00644720346837741	-0.592554068054809	7.43775280842573e-06	0.693197278911565	9.42352333708083e-06	0.833283919085055	15.3519202492655	21.7671802651129	0.00194931773879142	5	11.0991445646835	16.4361467532835	0.00243664717348928	0.151515151515152	0.727272727272727	0.363636363636364	11	8	4
518	11	0.401310401310401	0.137619366284468	0.263691035025934	NA	-0.30006221227089	3.14131786751659e-05	0.526938775510204	1.33424073829944e-20	0.969997897127538	18.4600130607323	27.9184563393929	0.00536062378167641	10	16.4866919953588	27.9184563393929	0.00487329434697856	0.303030303030303	2.66666666666667	1.77777777777778	9	24	16
489	15	0.325153374233129	0.110720532355373	0.214432841877756	NA	-0.237614770729405	1.89922668455411e-05	0.578231292517007	7.0491303360031e-21	0.947281151393014	23.8915623505659	30.3715188070585	0.00730994152046784	8	17.7078207468653	27.9184563393929	0.00389863547758285	0.242424242424242	2.15384615384615	0.615384615384615	13	28	8
538	10	0.342105263157895	0.224838615275396	0.206561843421104	0.242372673604785	-0.227879308695128	1.39817490918404e-10	0.754317111459968	6.24482886536224e-10	0.811778967992242	20.5489223983137	23.5542086157516	0.00487329434697856	9	15.1712472745276	23.5542086157516	0.0043859649122807	0.272727272727273	8.5	5.5	4	34	22
472	9	0.359110169491525	0.239914541840512	0.121836722645096	0.0237698549467456	-0.144619410177665	3.68827191010723e-12	0.810832025117739	2.08429807952689e-16	0.930632197278166	15.3706224745535	18.2163446740704	0.0043859649122807	9	13.397124908883	18.2163446740704	0.0043859649122807	0.272727272727273	8	5.5	4	32	22
484	18	0.21831955922865	0.160514920229347	0.0712918588135909	0.0520221335693968	-0.0810605916499565	0.0328651400386668	0.27389903329753	2.49764263373106e-18	0.878686411082067	15.3893871655111	18.2163446740704	0.0087719298245614	15	14.5436407579674	18.2163446740704	0.00730994152046784	0.454545454545455	5	3.22222222222222	9	45	29
494	15	0.312925841809025	0.198754070853547	0.114171770955479	NA	-0.126514665112828	9.16839937303848e-10	0.73469387755102	2.46600810323597e-20	0.943691036499493	16.0655513606013	23.041165868903	0.00730994152046784	10	14.3196322879235	17.8395860238359	0.00487329434697856	0.303030303030303	2.72727272727273	1.27272727272727	11	30	14
457	11	0.402063144732729	0.236499971103699	0.165563173629029	NA	-0.186926163774711	1.19740421022918e-07	0.646122448979592	6.90792967046502e-18	0.947357734833657	18.1429287057758	28.3036147627244	0.00536062378167641	10	16.1603977797492	22.9212148149668	0.00487329434697856	0.303030303030303	2.18181818181818	1.27272727272727	11	24	14
498	8	0.517102894335965	0.285587806604842	0.23200223552447	0.00353182150177081	-0.292217442922004	3.07519305464687e-07	0.673469387755102	2.45607836632502e-11	0.901725274240753	19.6655096595679	22.9212148149668	0.00389863547758285	8	16.4302075694412	22.9212148149668	0.00389863547758285	0.242424242424242	1.23076923076923	0.615384615384615	13	16	8
489	2	0.848041529023124	0.346448396474848	0.501593132548276	NA	-0.724523413680844	6.84406366247003e-07	0.805337519623234	0.0148401497468031	0.656294820615145	19.5655046222146	22.6948624911458	0.000974658869395711	4	13.7465578339744	22.6948624911458	0.00194931773879142	0.121212121212121	0.181818181818182	0.181818181818182	11	2	2
500	2	0.792	0.30092852011314	0.49107147988686	NA	-0.669642927118446	2.48836784511042e-09	0.887755102040816	0.000441103722962699	0.791319125419239	19.1016635091982	21.7671802651129	0.000974658869395711	5	14.454978756787	21.7671802651129	0.00243664717348928	0.151515151515152	0.363636363636364	0.363636363636364	11	4	4
490	3	0.994557823129252	0.30092852011314	0.693629303016112	NA	-0.945858140476517	8.04003530419095e-11	0.959183673469388	0.000333622689776838	0.800853434723807	18.8065572308223	21.7671802651129	0.00146198830409357	5	14.454978756787	21.7671802651129	0.00243664717348928	0.151515151515152	0	0	15	0	0
516	2	0.958914728682171	0.30092852011314	0.657986208569031	NA	-0.897253920775951	9.58910062465179e-10	0.908163265306122	0.0161243643794507	0.608291850456726	19.9917624695916	21.7671802651129	0.000974658869395711	5	14.454978756787	21.7671802651129	0.00243664717348928	0.151515151515152	0.153846153846154	0.153846153846154	13	2	2
491	1	1	0.346472951987255	0.653527048012745	NA	-0.943983513796187	1.34593591827326e-09	0.959183673469388	NA	NA	18.2163446740704	18.2163446740704	0.000487329434697856	4	12.6269283797056	18.2163446740704	0.00194931773879142	0.121212121212121	0	0	13	0	0
542	2	0.634132841328413	0.41156515986681	0.503990009434001	0.562844655944795	-0.660506991723276	8.95720164706404e-11	0.846938775510204	0.202156092461276	0.29784755536787	15.3438009446491	18.2163446740704	0.000974658869395711	6	12.2233189347833	18.2163446740704	0.00292397660818713	0.181818181818182	0.538461538461538	0.538461538461538	13	7	7
485	5	0.395360824742268	0.30834625540515	0.139582119874379	0.0817717452801838	-0.211490243264064	0.00240984662013188	0.417517006802721	3.56557587627804e-12	0.921378432849601	16.2635435080139	18.2163446740704	0.00243664717348928	8	13.0813706641212	18.2163446740704	0.00389863547758285	0.242424242424242	1.54545454545455	1.18181818181818	11	17	13
473	14	0.315938740782757	0.204619052724533	0.125570584098454	0.0730358422061778	-0.147159108460966	0.000487165215330099	0.443310657596372	1.39973229891458e-09	0.783452931238308	16.5370468281992	26.0473196892271	0.00682261208576998	11	14.1720695293341	17.8395860238359	0.00536062378167641	0.333333333333333	2.72727272727273	1.45454545454545	11	30	16
495	9	0.478787878787879	0.266464825402946	0.212323053384933	NA	-0.243778320553071	8.75914221709628e-07	0.626885536823425	8.90474484722357e-10	0.855276589583699	17.3201069459384	22.9212148149668	0.0043859649122807	9	15.3459654446113	22.9212148149668	0.0043859649122807	0.272727272727273	1.38461538461538	0.769230769230769	13	18	10
485	5	0.652173913043478	0.359131483142508	0.29304242990097	NA	-0.354735573038017	1.1713789060952e-07	0.693877551020408	3.31641879655734e-06	0.806763782544938	19.8545006737881	22.9212148149668	0.00243664717348928	8	15.8991235014965	22.9212148149668	0.00389863547758285	0.242424242424242	0.769230769230769	0.615384615384615	13	10	8
469	9	0.421366076023822	0.27446087902541	0.158319034655353	0.0827503230128229	-0.192423972129548	1.67440932219431e-06	0.636054421768707	3.45644209344725e-11	0.899086330709362	18.4939275155615	33.9914467065659	0.0043859649122807	8	16.0490331890621	33.9914467065659	0.00389863547758285	0.242424242424242	2.22222222222222	1.33333333333333	9	20	12
475	5	0.55187969924812	0.378998283574095	0.172881415674025	NA	-0.213559395832619	9.1449343742056e-07	0.677228786251343	8.01352960616695e-12	0.958646627023077	14.9566745282638	20.1978243545319	0.00243664717348928	7	13.4858312579901	20.1978243545319	0.00341130604288499	0.212121212121212	1.33333333333333	1.11111111111111	9	12	10
499	1	1	0.710520525688172	0.289479474311828	NA	-0.454896316775729	2.49861774603843e-08	0.959183673469388	NA	NA	15.1795985036641	15.1795985036641	0.000487329434697856	3	11.0413149145703	15.1795985036641	0.00146198830409357	0.0909090909090909	0	0	11	0	0
472	1	1	0.710520525688172	0.289479474311828	NA	-0.454896316775729	2.49861774603843e-08	0.959183673469388	NA	NA	15.1795985036641	15.1795985036641	0.000487329434697856	3	11.0413149145703	15.1795985036641	0.00146198830409357	0.0909090909090909	0	0	11	0	0
501	3	0.818230206254158	0.526607259314731	0.29176981051661	0.000550738414434994	-0.486160631213365	1.19899945527635e-08	0.908163265306122	0.000333622689776838	0.800853434723807	24.8245595692944	34.5056370271022	0.00146198830409357	4	14.478096980207	24.7884431771169	0.00194931773879142	0.121212121212121	0.363636363636364	0.181818181818182	11	4	2
513	4	0.711295783317944	0.416066444176601	0.295229339141343	NA	-0.373957162912368	2.17532270163634e-06	0.656820622986036	7.00321703161384e-05	0.784453347481378	27.8023408248532	34.5056370271022	0.00194931773879142	7	20.6190440061605	34.5056370271022	0.00341130604288499	0.212121212121212	0.461538461538462	0.461538461538462	13	6	6
495	5	0.636940836940837	0.376290683493348	0.260650153447489	NA	-0.321979601317486	4.05922380597445e-07	0.729291716686675	5.24083195804837e-07	0.861597525598565	25.5068622433305	27.0359867834375	0.00243664717348928	6	18.4106118602226	27.0359867834375	0.00292397660818713	0.181818181818182	0.615384615384615	0.307692307692308	13	8	4
508	5	0.620734908136483	0.376429596064137	0.244305312072346	NA	-0.301788914912897	3.93144965471492e-08	0.825850340136054	2.37539190995547e-09	0.923611666577625	23.5865716809924	27.0359867834375	0.00243664717348928	5	14.6380462841787	24.7884431771169	0.00243664717348928	0.151515151515152	0.615384615384615	0.153846153846154	13	8	2
489	3	0.764705882352941	0.465176052281493	0.305955761217366	0.0136551036850747	-0.57184750288388	3.93144965471492e-08	0.825850340136054	0.00011417040101524	0.800323886511103	18.478777300332	24.7884431771169	0.00146198830409357	5	14.6380462841787	24.7884431771169	0.00243664717348928	0.151515151515152	0.307692307692308	0.153846153846154	13	4	2
515	30	0.183098591549296	0.110311104257967	0.0727874872913287	NA	-0.0771330089206618	0.00134683841886518	0.428163265306122	1.10750689060925e-23	0.877244881577719	17.2081599467389	20.3349635917069	0.0146198830409357	10	15.6632315343669	20.3349635917069	0.00487329434697856	0.303030303030303	5.45454545454545	1.27272727272727	11	60	14
482	18	0.279363197561182	0.159563158411322	0.11980003914986	NA	-0.130448931518737	2.51534154156463e-05	0.502111189303307	7.71111743880541e-22	0.928399333923991	22.3492170964822	33.9914467065659	0.0087719298245614	12	19.8064823462818	33.9914467065659	0.00584795321637427	0.363636363636364	3.45454545454545	1.63636363636364	11	38	18
529	9	0.426062564790536	0.258973575745345	0.175417410973781	0.0322726349732868	-0.230819530447568	3.0949709731054e-05	0.5452528837622	3.36610793287492e-13	0.918351527572865	22.2013397764259	31.9442809145722	0.0043859649122807	9	17.0603376401667	25.7690593997843	0.0043859649122807	0.272727272727273	1.38461538461538	0.769230769230769	13	18	10
477	4	0.533592892083458	0.381969368200675	0.152229815409332	0.00318303051438234	-0.21269733750448	0.000198629020669916	0.53813104189044	8.01352960616695e-12	0.958646627023077	23.2726907931381	31.9442809145722	0.00194931773879142	7	16.8594327393402	31.9442809145722	0.00341130604288499	0.212121212121212	0.909090909090909	0.727272727272727	11	10	8
490	1	1	0.710520525688172	0.289479474311828	NA	-0.454896316775729	2.49861774603843e-08	0.959183673469388	NA	NA	15.1795985036641	15.1795985036641	0.000487329434697856	3	11.0413149145703	15.1795985036641	0.00146198830409357	0.0909090909090909	0	0	11	0	0
491	3	0.805023761031908	0.526607259314731	0.278416501717177	NA	-0.379658865977968	9.08530231047422e-08	0.806122448979592	0.000333622689776838	0.800853434723807	24.8245595692944	34.5056370271022	0.00146198830409357	5	18.483604989586	34.5056370271022	0.00243664717348928	0.151515151515152	0.363636363636364	0.363636363636364	11	4	4
511	5	0.688006709533128	0.40523497711456	0.338868542204372	0.29450825137547	-0.435148192236058	1.28777352448317e-07	0.721267454350161	1.97658259275633e-05	0.790826587619616	25.3755347978822	34.5056370271022	0.00243664717348928	7	20.6190440061605	34.5056370271022	0.00341130604288499	0.212121212121212	0.615384615384615	0.461538461538462	13	8	6
515	4	0.714285714285714	0.376290683493348	0.337995030792366	NA	-0.417523273331747	3.66307043586644e-08	0.717687074829932	1.30974654746811e-06	0.846600629892289	25.6864670098839	27.0359867834375	0.00194931773879142	8	20.0822819950454	27.0359867834375	0.00389863547758285	0.242424242424242	0.615384615384615	0.615384615384615	13	8	8
484	6	0.606360043118936	0.34378344184062	0.262576601278317	NA	-0.317855885757962	6.11816153295308e-11	0.806122448979592	2.04912775592644e-09	0.908584393050322	22.2834705988531	27.0359867834375	0.00292397660818713	9	18.5360853707589	27.0359867834375	0.0043859649122807	0.272727272727273	1.09090909090909	1.09090909090909	11	12	12
473	4	0.684210526315789	0.412717311255438	0.271493215060352	NA	-0.343891405743112	3.74388905988177e-07	0.697636949516649	4.80697601701213e-06	0.846858242567786	16.7390421109702	20.5403145318453	0.00194931773879142	7	14.2971590267989	20.5403145318453	0.00341130604288499	0.212121212121212	0.727272727272727	0.727272727272727	11	8	8
536	3	0.866169154228856	0.521980218295417	0.344188935933439	NA	-0.469348549000144	1.34593591827326e-09	0.959183673469388	0.000333622689776838	0.800853434723807	15.2758290758478	15.3700452238134	0.00146198830409357	4	12.1234974918811	15.3700452238134	0.00194931773879142	0.121212121212121	0.153846153846154	0	13	2	0
483	8	0.554021930833525	0.28952077377903	0.265371162125592	0.0058725342299057	-0.340632205187199	4.3352058720636e-08	0.714285714285714	4.31842617168103e-09	0.86849142525319	23.4413833224029	33.9914467065659	0.00389863547758285	8	17.5548473090375	25.7690593997843	0.00389863547758285	0.242424242424242	1.07692307692308	0.615384615384615	13	14	8
525	9	0.51632183908046	0.26978283823226	0.246869245449626	0.00239427336034048	-0.311061720492108	6.50255604917049e-09	0.751700680272109	4.14976847786825e-11	0.897643915149423	24.1055055326123	31.9442809145722	0.0043859649122807	8	18.7751128652608	31.9442809145722	0.00389863547758285	0.242424242424242	1.23076923076923	0.615384615384615	13	16	8
470	5	0.629972247918594	0.348020788601456	0.281951459317138	NA	-0.341309661278641	3.07519305464687e-07	0.673469387755102	7.51752996395245e-10	0.917217886607516	27.3587108753543	32.8734221708943	0.00243664717348928	8	19.7491195245889	32.8734221708943	0.00389863547758285	0.242424242424242	0.769230769230769	0.615384615384615	13	10	8
500	10	0.358909090909091	0.242810173929568	0.116106297223718	6.08870146048901e-05	-0.141903186457536	5.12656666007416e-08	0.710884353741496	1.60499285726454e-13	0.911825581089178	25.9765536289244	32.8734221708943	0.00487329434697856	8	17.941086351597	32.8734221708943	0.00389863547758285	0.242424242424242	2.66666666666667	1.33333333333333	9	24	12
504	3	0.778306878306878	0.566579165131625	0.247906212737522	0.135669373358509	-0.383028271593979	1.57018701374412e-08	0.846938775510204	0.000246946613789458	0.810594355477804	18.5454507902599	24.7884431771169	0.00146198830409357	5	14.7161397221653	24.7884431771169	0.00243664717348928	0.151515151515152	0.363636363636364	0.363636363636364	11	4	4
452	3	0.737636647579386	0.500166549148296	0.237470098431089	NA	-0.310537821025271	6.83592960015744e-10	0.86734693877551	5.77869077792716e-06	0.869612328781678	22.497580216851	27.0359867834375	0.00146198830409357	6	16.7694475657107	27.0359867834375	0.00292397660818713	0.181818181818182	0.888888888888889	0.888888888888889	9	8	8
495	7	0.569616161616162	0.340654926403346	0.268284496566339	0.245770383459519	-0.327135349854707	1.85230157878635e-08	0.731292517006803	6.43366317764066e-09	0.88055393086418	21.5340032842284	27.0359867834375	0.00341130604288499	8	16.628922848621	27.0359867834375	0.00389863547758285	0.242424242424242	1.27272727272727	0.909090909090909	11	14	10
515	7	0.521864077669903	0.316665117404306	0.205890725476301	0.00216176628345024	-0.302271827751395	6.72398245749051e-07	0.656462585034014	7.39905538326345e-08	0.850284168705061	21.4782222570951	27.0359867834375	0.00341130604288499	8	16.3900281590835	25.5152964570705	0.00389863547758285	0.242424242424242	1.27272727272727	0.909090909090909	11	14	10
530	8	0.519849056603774	0.313712216653131	0.206136839950642	NA	-0.245400999941241	6.72398245749051e-07	0.656462585034014	1.48619787124933e-13	0.954284525699087	16.4121950523053	20.5403145318453	0.00389863547758285	8	14.6707180309298	20.5403145318453	0.00389863547758285	0.242424242424242	1.27272727272727	0.909090909090909	11	14	10
483	7	0.55063462057791	0.340686546544059	0.209948074033851	NA	-0.254147668567293	6.89208514703665e-08	0.770108043217287	1.7537694360418e-11	0.942749728629182	18.580374101743	20.5912567597204	0.00341130604288499	6	14.8853803009071	20.5403145318453	0.00292397660818713	0.181818181818182	1.09090909090909	0.545454545454545	11	12	6
482	5	0.678324441809919	0.371288874905215	0.307035566904704	NA	-0.379279229705811	2.73893666635772e-08	0.790516206482593	1.48535985265843e-07	0.879736420874324	23.7000155671513	26.2855122859673	0.00243664717348928	6	16.2863857864414	25.8600655039944	0.00292397660818713	0.181818181818182	0.615384615384615	0.307692307692308	13	8	4
512	10	0.414930555555556	0.22707964491219	0.203950704349887	0.0579592573434785	-0.261201076662169	0.000772903604035813	0.413605442176871	1.03111669410449e-05	0.663486688623419	24.0943866519391	31.9442809145722	0.00487329434697856	11	18.6683748593214	31.9442809145722	0.00536062378167641	0.333333333333333	1.76923076923077	1.30769230769231	13	23	17
479	18	0.260767030078095	0.151375053068835	0.10939197700926	NA	-0.11814333517	4.05972810924027e-09	0.629651860744298	8.25888253289323e-29	0.95375083007223	24.4253450609739	32.8734221708943	0.0087719298245614	13	20.5727818278217	32.8734221708943	0.00633528265107212	0.393939393939394	12.5	7.5	4	50	30
513	10	0.320867959372114	0.236457026302819	0.0951607190581905	0.102122966894501	-0.106620668450695	3.27761151552863e-11	0.755102040816326	1.12930058265823e-09	0.80481702186569	21.7675867683428	32.8734221708943	0.00487329434697856	10	17.6497735800411	32.8734221708943	0.00487329434697856	0.303030303030303	8.5	6	4	34	24
459	1	1	0.746568481213969	0.253431518786031	NA	-0.398249529520905	2.49861774603843e-08	0.959183673469388	NA	NA	15.6683106899986	15.6683106899986	0.000487329434697856	3	11.2042189766818	15.6683106899986	0.00146198830409357	0.0909090909090909	0	0	11	0	0
525	2	0.861978021978022	0.632202902044586	0.229775119933436	NA	-0.331897395459407	6.64820134166355e-07	0.806122448979592	0.0148401497468031	0.656294820615145	18.8220993862586	21.9758880825187	0.000974658869395711	4	13.897136253141	21.9758880825187	0.00194931773879142	0.121212121212121	0.181818181818182	0.181818181818182	11	2	2
514	6	0.555912705126036	0.366969479153241	0.188943225972795	NA	-0.228720747230226	2.08095463083424e-09	0.806122448979592	4.14854606596027e-12	0.950252183030071	17.8049055301655	21.9758880825187	0.00292397660818713	7	14.7404058444189	21.9758880825187	0.00341130604288499	0.212121212121212	1.55555555555556	1.11111111111111	9	14	10
503	15	0.302325581395349	0.196866080910248	0.105459500485101	NA	-0.116275859509214	5.0867659802889e-05	0.462894248608534	1.88310165437043e-17	0.911880358957251	17.8496735402538	24.7484228415943	0.00730994152046784	14	16.8661845774941	24.7484228415943	0.00682261208576998	0.424242424242424	3.77777777777778	2.66666666666667	9	34	24
494	7	0.397129186602871	0.2804546027952	0.189788556112795	0.150797567879318	-0.240792467080366	7.10464903556085e-05	0.524401064773735	2.32202760864462e-11	0.876460874950237	22.0283514483544	29.1633813314478	0.00341130604288499	9	17.2152234008508	27.9523673813345	0.0043859649122807	0.272727272727273	1.53846153846154	0.769230769230769	13	20	10
481	5	0.542003542003542	0.320093033074614	0.221910508928928	NA	-0.260503640916568	1.34536826124076e-12	0.86734693877551	2.89908713106171e-10	0.895316286030369	27.6959801183897	43.1251605067425	0.00243664717348928	9	18.7146756943451	29.1633813314478	0.0043859649122807	0.272727272727273	2	1.55555555555556	9	18	14
505	6	0.312175541878512	0.222560604297511	0.129507591783351	0.0738014102743475	-0.176250730140891	1.41006587202064e-05	0.508163265306122	9.03222235271343e-09	0.784697264217742	12.9062377805265	20.2787219473387	0.00292397660818713	8	11.6763760454313	20.2787219473387	0.00389863547758285	0.242424242424242	8.25	6.5	4	33	26
489	14	0.160531697341513	0.137395930894199	0.131118534907118	0.647896610758822	-0.0907378243261369	9.37267427891797e-07	0.543290043290043	6.0289233004393e-13	0.770582736651212	17.4104926653328	26.8311432196998	0.00682261208576998	9	13.502533076113	25.8600655039944	0.0043859649122807	0.272727272727273	14	7.25	4	56	29
465	20	0.117578307620383	0.0897172500900075	0.0892094680986491	0.282202688614057	-0.0690415920376301	7.44778270478363e-06	0.411968177101349	2.42984773466517e-16	0.726635789515378	16.4940531816771	31.9442809145722	0.00974658869395711	16	15.14109765859	31.9442809145722	0.00779727095516569	0.484848484848485	22	13.75	4	88	55
495	3	0.500734618916437	0.396006151906984	0.429109425001805	0.396465615323986	-0.652468534680426	5.22008847259059e-09	0.806122448979592	0.012351863854907	0.523781423200517	15.1139774146093	17.4800155306371	0.00146198830409357	5	10.8156163358618	15.6683106899986	0.00243664717348928	0.151515151515152	1	0.636363636363636	11	11	7
537	2	0.611111111111111	0.476912477384283	0.160544503857645	0.047422566235471	-0.294743137584474	0.000101189300670268	0.570294784580499	2.34529238296429e-10	0.961074462327142	13.9309583565955	15.6683106899986	0.000974658869395711	5	10.8156163358618	15.6683106899986	0.00243664717348928	0.151515151515152	0.636363636363636	0.636363636363636	11	7	7
518	2	0.85001485001485	0.632202902044586	0.217811947970264	NA	-0.31461725817927	6.84406366247003e-07	0.805337519623234	0.0148401497468031	0.656294820615145	18.8220993862586	21.9758880825187	0.000974658869395711	4	13.897136253141	21.9758880825187	0.00194931773879142	0.121212121212121	0.181818181818182	0.181818181818182	11	2	2
521	11	0.402389944895053	0.265722954003034	0.137034197442183	0.00284585076377122	-0.169694736767205	1.67440932219431e-06	0.636054421768707	3.18897072954741e-08	0.810861942187137	18.6256503959946	24.7484228415943	0.00536062378167641	8	16.3109728994905	21.9758880825187	0.00389863547758285	0.242424242424242	1.81818181818182	0.909090909090909	11	20	10
508	16	0.26803792383095	0.184758151076824	0.107575815415965	0.0992088408691768	-0.119896459235057	0.00108583853867072	0.367085295656724	2.36134300460477e-10	0.76021071172787	19.600395373175	30.2412439345193	0.00779727095516569	17	18.7579925545148	30.2412439345193	0.00828460038986355	0.515151515151515	3.45454545454545	2.54545454545455	11	38	28
486	14	0.35609841520007	0.197365808310105	0.186491024854069	0.163080705539111	-0.208019367845764	4.94489151695587e-05	0.463512677798392	1.38783453317579e-16	0.885513716150158	24.0336660646491	34.9009825535754	0.00682261208576998	14	20.9602224760505	30.3974930461496	0.00682261208576998	0.424242424242424	2.13333333333333	1.2	15	32	18
481	6	0.630553630553631	0.312411785086712	0.318676774754183	0.0036107726890352	-0.409383398713565	7.9471984548718e-12	0.908163265306122	1.33208534441722e-08	0.855222443981074	32.7735418499594	43.1251605067425	0.00292397660818713	7	18.958881173371	29.1633813314478	0.00341130604288499	0.212121212121212	0.8	0.266666666666667	15	12	4
488	6	0.318032786885246	0.152303666130281	0.165729120754965	NA	-0.191225908563422	3.46394246619752e-10	0.806122448979592	6.10810211282569e-11	0.887794824822533	12.1713874813298	16.4361467532835	0.00292397660818713	5	10.9085254112651	16.4361467532835	0.00243664717348928	0.151515151515152	6.5	4.25	4	26	17
464	9	0.214813511611541	0.0933540209401789	0.121459490671362	NA	-0.13225588984215	1.18845657538502e-05	0.56832298136646	3.73021784281453e-14	0.841423019118136	12.1964397526257	16.4361467532835	0.0043859649122807	6	11.122705513253	16.4361467532835	0.00292397660818713	0.181818181818182	11.25	4.75	4	45	19
525	19	0.127482993197279	0.0989946620956496	0.110245985581833	0.490545926881222	-0.0798197438452797	0.000890533751491063	0.315688775510204	4.12902932711197e-25	0.855107272823585	13.8123560107472	24.4063640008298	0.00925925925925926	17	13.4286513400555	24.4063640008298	0.00828460038986355	0.515151515151515	20	15	4	80	60
522	9	0.279132791327913	0.217996492087414	0.260880363358591	0.372250301310989	-0.253897753203129	9.19266466281599e-07	0.556616194865043	0.000518393893764088	0.518277779191452	16.6085715163988	22.6948624911458	0.0043859649122807	10	14.2640896804449	22.6948624911458	0.00487329434697856	0.303030303030303	9.25	6.75	4	37	27
485	3	0.509184629803186	0.396822640244214	0.112361989558972	NA	-0.137331320572077	4.64441152203676e-10	0.785714285714286	1.72974431031433e-17	0.98739876400638	16.8522597347789	22.6948624911458	0.00146198830409357	7	13.3155844176769	22.6948624911458	0.00341130604288499	0.212121212121212	1	1	11	11	11
482	2	0.847111394829237	0.632083522100617	0.21502787272862	NA	-0.310595816163562	2.49861774603843e-08	0.959183673469388	0.0148401497468031	0.656294820615145	17.7203559107177	19.7724011314369	0.000974658869395711	3	11.2042189766818	15.6683106899986	0.00146198830409357	0.0909090909090909	0.181818181818182	0	11	2	0
489	8	0.426838727875326	0.297021563592835	0.129817164282491	NA	-0.150587910567689	1.6627206171016e-05	0.560337178349601	2.33661988451786e-14	0.942357865593126	18.1734409916578	20.9620508519314	0.00389863547758285	9	15.344546465391	20.9620508519314	0.0043859649122807	0.272727272727273	2.22222222222222	1.55555555555556	9	20	14
475	14	0.276864501679731	0.192677440394176	0.101550034895078	0.0510037349779711	-0.124709193149854	2.4298874023998e-10	0.846938775510204	1.16792775031555e-09	0.751333250873375	18.8825781854928	29.1633813314478	0.00682261208576998	7	15.137379365062	24.7484228415943	0.00341130604288499	0.212121212121212	4.22222222222222	1.11111111111111	9	38	10
484	6	0.47819891707039	0.312566294657932	0.190235256602309	0.178369097876416	-0.224351488944093	6.91206647474019e-09	0.67838246409675	1.6761990807471e-10	0.885886982261703	26.6815378047508	30.3974930461496	0.00292397660818713	11	20.0869512702881	30.2412439345193	0.00536062378167641	0.333333333333333	1.63636363636364	1.45454545454545	11	18	16
483	3	0.790200138026225	0.401847919607385	0.38835221841884	NA	-0.479729210987979	2.65870081506137e-09	0.768707482993197	3.3120522192151e-09	0.920798345649944	24.9006890020806	29.1633813314478	0.00146198830409357	8	18.787310813382	29.1633813314478	0.00389863547758285	0.242424242424242	0.235294117647059	0.235294117647059	17	4	4
466	1	1	0.407259764938602	0.592740235061398	NA	-0.931448940810769	2.49861774603843e-08	0.959183673469388	NA	NA	16.4361467532835	16.4361467532835	0.000487329434697856	3	10.7637896149173	16.4361467532835	0.00146198830409357	0.0909090909090909	0	0	11	0	0
494	1	1	0.407259764938602	0.592740235061398	NA	-0.931448940810769	2.49861774603843e-08	0.959183673469388	NA	NA	16.4361467532835	16.4361467532835	0.000487329434697856	3	10.7637896149173	16.4361467532835	0.00146198830409357	0.0909090909090909	0	0	11	0	0
511	18	0.224696673189824	0.0918754071832905	0.132912859902322	0.00114492369735377	-0.15098529881185	1.12698594900706e-09	0.743197278911565	9.66145150113774e-16	0.861604024181988	16.5796158259568	23.6732199790335	0.0087719298245614	8	14.6949374387955	22.6948624911458	0.00389863547758285	0.242424242424242	11.5	5	4	46	20
493	24	0.18730889164724	0.131464083195643	0.181159868463305	0.599722072913172	-0.141779583511593	2.41809435177487e-05	0.47358943577431	7.51871666986377e-07	0.56189090777215	17.8272400524787	23.6732199790335	0.0116959064327485	13	17.3092710381287	23.6732199790335	0.00633528265107212	0.393939393939394	15.75	7.5	4	63	30
518	2	0.63976833976834	0.435804122376334	0.55356792510575	0.499433868162492	-0.841702380553062	8.42591552085992e-10	0.806122448979592	0.636706082023065	0.112520187583418	19.1815865905722	22.6948624911458	0.000974658869395711	6	13.5025808167577	22.6948624911458	0.00292397660818713	0.181818181818182	0.538461538461538	0.538461538461538	13	7	7
546	7	0.388965201465201	0.285286980775427	0.105755939978635	0.0166217543108903	-0.128882560411329	1.02051700423544e-12	0.806122448979592	1.74039404509182e-08	0.811604286967299	17.6434893670673	22.6948624911458	0.00341130604288499	10	14.4864072459177	22.6948624911458	0.00487329434697856	0.303030303030303	2.55555555555556	2.11111111111111	9	23	19
505	9	0.444998292932742	0.29784208303107	0.179844417539149	0.236989505371711	-0.206152569473561	6.81322161540932e-05	0.508163265306122	8.33571203598406e-09	0.844687830027787	17.4097601755417	20.5472966778928	0.0043859649122807	10	15.002928160221	19.7724011314369	0.00487329434697856	0.303030303030303	1.63636363636364	1.27272727272727	11	18	14
508	10	0.371541057367829	0.246938031847882	0.157176636133841	0.142509546435784	-0.182634965886714	1.28777352448317e-07	0.721267454350161	2.51812803317766e-12	0.882115784753973	17.6944677590451	20.9620508519314	0.00487329434697856	7	13.9237252694336	17.5863182934596	0.00341130604288499	0.212121212121212	2.18181818181818	0.727272727272727	11	24	8
