	num_unique_subclones	mean_apparent_ccf	mean_true_ccfs	mean_diff	ccf_diff_higher_true	ccf_diff_lower_true	ks_pval	ks_stat	sp_pval	sp_rho	mean_fit	max_fit	prop_total_subclones	num_clones_over_0.01	mean_fit_over_0.01	max_fit_over_0.01	prop_total_subclones_over_0.01	prop_over0.01_subclones_over_0.01	ITH	ITH_over_0.01	n_clonal	n_subclonal	n_subclonal_over_0.01
113273	1199	0.00500910870616029	0.00500847925325484	9.2404592856117e-05	0.000125900389774088	-7.33722113480441e-05	0.911488338414482	0.0811937678297125	0	0.939821689547013	19.8197537118199	51.5687577254685	0.584307992202729	32	15.9715777209903	28.5636178418783	0.0155945419103314	0.96969696969697	649.25	22.25	4	2597	89
113273	1203	0.00495405525310933	0.00496085992532875	9.53266398615823e-05	0.000140123733293996	-6.98074135220185e-05	0.6978043369298	0.101409636019356	0	0.938945476726173	19.5970705822007	51.5687577254685	0.58625730994152	34	16.2037433428265	28.5636178418783	0.0165692007797271	1.03030303030303	655.5	23.25	4	2622	93
113273	1221	0.0049178198264863	0.00491415577630605	7.66668641538161e-05	0.000104160635007499	-6.19782461873107e-05	0.586543706751937	0.111181972789116	0	0.944009107477179	19.6305096707044	51.5687577254685	0.595029239766082	32	15.6679154131485	28.5636178418783	0.0155945419103314	0.96969696969697	661.75	23	4	2647	92
113273	1190	0.00501870192618279	0.00502196075545337	8.48265695134501e-05	0.00011516810707953	-6.62036039392966e-05	0.125284790570603	0.172322861728961	0	0.938096675474418	19.6620906061681	51.5687577254685	0.579922027290448	30	15.9242966831579	28.5636178418783	0.0146198830409357	0.909090909090909	647.5	21.25	4	2590	85
113273	1186	0.0050797747342453	0.00507090069273154	8.01523603071615e-05	8.87180237307404e-05	-7.45951814344251e-05	0.870866130379953	0.086131226684222	0	0.940228271350634	19.6565738304793	51.5687577254685	0.577972709551657	32	15.8324135715632	28.5636178418783	0.0155945419103314	0.96969696969697	641.25	22.25	4	2565	89
113273	1212	0.00494259837816247	0.00494565671694215	8.23397528127133e-05	0.000120804819148416	-6.14559283587475e-05	0.963945243664875	0.0714285714285714	0	0.94101989018734	19.6733909340863	51.5687577254685	0.590643274853801	33	15.6680032470645	28.5636178418783	0.0160818713450292	1	657.5	23.5	4	2630	94
113273	1217	0.00495917273858726	0.00496635469538569	9.59444425267831e-05	0.000139433270840226	-7.05955124516271e-05	0.302965392480014	0.141287284144427	0	0.942329672705358	19.7186646615731	51.5687577254685	0.59307992202729	31	16.0621524144926	28.5636178418783	0.0151072124756335	0.939393939393939	654.75	21.75	4	2619	87
113273	1202	0.00500129856303372	0.00500042723001888	9.1869022049877e-05	0.000115520945388048	-7.66948015693917e-05	0.292939677163344	0.141759929778363	0	0.941989565758805	19.5924416428105	51.5687577254685	0.585769980506823	32	15.9738826472556	28.5636178418783	0.0155945419103314	0.96969696969697	650.25	22.25	4	2601	89
113273	1230	0.00487084172001346	0.00487165504299689	9.77426614528173e-05	0.000136125362800898	-7.61424944380521e-05	0.871386743447079	0.0856068743286788	0	0.929698643193052	19.6638039538948	51.5687577254685	0.599415204678363	33	16.1655535940871	28.5636178418783	0.0160818713450292	1	667.5	22.75	4	2670	91
113273	1206	0.00497336941091383	0.00497226052040089	8.52280953389339e-05	0.000112445059512288	-6.91329165439883e-05	0.963945243664875	0.0714285714285714	0	0.938346377547525	19.6883876856945	51.5687577254685	0.587719298245614	33	15.8051853810692	28.5636178418783	0.0160818713450292	1	654	23.5	4	2616	94
113273	1226	0.0049114747244225	0.00490661490337079	9.18376412623516e-05	0.000124690125625944	-7.44150036069096e-05	0.6954984947447	0.102699144173798	0	0.93889210226401	19.832826690866	51.5687577254685	0.597465886939571	32	15.9415250202218	28.5636178418783	0.0155945419103314	0.96969696969697	662.75	22.25	4	2651	89
113273	1220	0.00492700028173842	0.00492892086892816	8.45597452768583e-05	0.000113828445572317	-6.67936681419758e-05	0.819099270501577	0.0907738095238095	0	0.940125679273161	19.5812323321492	51.5687577254685	0.594541910331384	32	15.8854249285117	28.5636178418783	0.0155945419103314	0.96969696969697	659.75	23	4	2639	92
113273	1208	0.00493563552147681	0.00493459226033789	7.14641922219834e-05	9.99522892791879e-05	-5.6101898262832e-05	0.740730301403176	0.0987491770901909	0	0.938282335656369	19.6062244272157	51.5687577254685	0.58869395711501	32	15.9715777209903	28.5636178418783	0.0155945419103314	0.96969696969697	659	22.25	4	2636	89
113273	1211	0.00495336832019846	0.00495323282811685	8.75648568782292e-05	0.000114740134438679	-7.10135214791788e-05	0.719070631016492	0.100107411385607	0	0.942445263895463	19.6993859024411	51.5687577254685	0.590155945419103	33	16.1677886741019	28.5636178418783	0.0160818713450292	1	656.5	22.75	4	2626	91
113273	1199	0.00498998753083611	0.00498725621421788	8.22815976743543e-05	0.000103170473743097	-6.93484485110023e-05	0.887426331735528	0.0835459183673469	0	0.930241781803326	19.6890627927634	51.5687577254685	0.584307992202729	32	15.8886757301942	28.5636178418783	0.0155945419103314	0.96969696969697	652	23	4	2608	92
113273	1245	0.00485736196012751	0.00484651487432882	9.57136630133345e-05	0.000117588329666469	-8.35575533275195e-05	0.965573865625368	0.0714285714285714	0	0.936856414225985	19.744610729042	51.5687577254685	0.60672514619883	32	15.7472066545019	28.5636178418783	0.0155945419103314	0.96969696969697	671	23	4	2684	92
113273	1225	0.00487510094951028	0.00488109772043658	0.000100161831739187	0.000138754804365423	-7.64375143885607e-05	0.930857780520657	0.0766306522609044	0	0.934938392666299	19.5583266297052	51.5687577254685	0.596978557504873	35	15.94111902929	28.5636178418783	0.017056530214425	1.06060606060606	666.25	24.5	4	2665	98
113273	1222	0.00495091585095663	0.0049495196994277	8.27506216293804e-05	0.000106635938896611	-6.8187902386904e-05	0.547423237970563	0.116169544740973	0	0.935549415430601	19.7575616965749	51.5687577254685	0.59551656920078	31	15.8376264631499	28.5636178418783	0.0151072124756335	0.939393939393939	657	21.75	4	2628	87
113273	1218	0.00493536160035032	0.00493828319188299	9.29007475400285e-05	0.000132206762800093	-7.07285499247356e-05	0.650851441275465	0.106539389949528	0	0.9364040531622	19.7083882957503	51.5687577254685	0.593567251461988	32	16.0418500590884	28.5636178418783	0.0155945419103314	0.96969696969697	658.5	22.25	4	2634	89
113273	1173	0.0051015400388636	0.00509059228675566	8.91057338047993e-05	9.98035305200971e-05	-8.24329911302924e-05	0.909657748430612	0.08078231292517	0	0.943283266426351	19.5639790136582	51.5687577254685	0.571637426900585	32	15.7439558528193	28.5636178418783	0.0155945419103314	0.96969696969697	638.75	23	4	2555	92
113273	1208	0.00496545258823035	0.00495327137869173	0.00010303089937465	0.00012457491359164	-9.0884177097149e-05	0.6954984947447	0.102699144173798	0	0.945988998422198	19.7517571760433	51.5687577254685	0.58869395711501	32	15.7240155048586	28.5636178418783	0.0155945419103314	0.96969696969697	656.5	22.25	4	2626	89
113273	1205	0.00501182126994229	0.00500054476234869	9.47716940674419e-05	0.000110971918757334	-8.52114637035772e-05	0.68734105291456	0.102040816326531	0	0.939809855201775	19.7117135087915	51.5687577254685	0.587231968810916	33	15.8051853810692	28.5636178418783	0.0160818713450292	1	650.25	23.5	4	2601	94
113273	1220	0.0049367758344081	0.00493447590595877	7.64695598657737e-05	9.23621825185865e-05	-6.59744445278812e-05	0.504642775942705	0.119376782971253	0	0.934053608164203	19.7224224669257	51.5687577254685	0.594541910331384	32	16.3163426723331	28.5636178418783	0.0155945419103314	0.96969696969697	659	22.25	4	2636	89
113273	1242	0.00484799984138779	0.00485198942012161	8.87738516159431e-05	0.000124410494749796	-6.77517180620601e-05	0.823465379900797	0.0903486394557823	0	0.932479159557335	19.686218620321	51.5687577254685	0.605263157894737	32	15.8854249285117	28.5636178418783	0.0155945419103314	0.96969696969697	670.25	23	4	2681	92
113273	1227	0.00489269350508708	0.0048955492466739	7.64915659138863e-05	0.000110894530073202	-5.7461855875169e-05	0.567550785987157	0.112244897959184	0	0.944549811439691	19.5874456148345	51.5687577254685	0.597953216374269	33	15.8051853810692	28.5636178418783	0.0160818713450292	1	664.25	23.5	4	2657	94
113273	1202	0.0049969433101552	0.00498734576058718	8.87846980684919e-05	0.00010249595237028	-8.03547313403931e-05	0.512682469090242	0.119309262166405	0	0.9298895688601	19.5075141525499	51.5687577254685	0.585769980506823	31	15.8376264631499	28.5636178418783	0.0151072124756335	0.939393939393939	652	21.75	4	2608	87
113273	1221	0.00494442167226086	0.00494585489373985	8.49701042422137e-05	0.000109206506693683	-6.92809033999835e-05	0.836385819100548	0.0881632653061225	0	0.929010792218892	19.5437723559414	51.5687577254685	0.595029239766082	34	15.8012332796371	28.5636178418783	0.0165692007797271	1.03030303030303	657.5	24	4	2630	96
113273	1226	0.00492797620824597	0.00492149227667005	8.73766266763413e-05	0.000105583315547751	-7.62581024228707e-05	0.776115863557525	0.0955672591617291	0	0.948938121994592	19.7440039061459	51.5687577254685	0.597465886939571	32	15.9715777209903	28.5636178418783	0.0155945419103314	0.96969696969697	660.75	22.25	4	2643	89
113273	1221	0.0049187927795984	0.00492711172981238	8.01203072240732e-05	0.000117978504877005	-5.75630042251899e-05	0.823465379900797	0.0903486394557823	0	0.938077750720413	19.6636835637474	51.5687577254685	0.595029239766082	32	15.6679154131485	28.5636178418783	0.0155945419103314	0.96969696969697	660	23	4	2640	92
113273	1208	0.00498955705599727	0.00498363818286676	0.000103794461505895	0.000140575158249051	-8.43501931586909e-05	0.823465379900797	0.0903486394557823	0	0.942327319678618	19.806912785501	51.5687577254685	0.58869395711501	32	15.8886757301942	28.5636178418783	0.0155945419103314	0.96969696969697	652.5	23	4	2610	92
113273	1223	0.00492872244563354	0.0049326800929558	9.23595181806375e-05	0.000132073537950752	-6.97339728007705e-05	0.512682469090242	0.119309262166405	0	0.940423012416884	19.7551176742278	51.5687577254685	0.596003898635478	31	16.0271706675846	28.5636178418783	0.0151072124756335	0.939393939393939	659.25	21.75	4	2637	87
113273	1218	0.00492539029064945	0.00492887073381477	8.30324713597282e-05	0.000113644946863661	-6.43772230611871e-05	0.965573865625368	0.0714285714285714	0	0.936608268768274	19.5437230993601	51.5687577254685	0.593567251461988	32	15.8854249285117	28.5636178418783	0.0155945419103314	0.96969696969697	659.75	23	4	2639	92
113273	1255	0.00478460505768794	0.00478608563702164	9.19614457705824e-05	0.000126040234060389	-7.20564419078954e-05	0.963945243664875	0.0714285714285714	0	0.930238254811846	19.6245340869371	51.5687577254685	0.611598440545809	33	15.6680032470645	28.5636178418783	0.0160818713450292	1	679.5	23.5	4	2718	94
113273	1208	0.00498318749204607	0.00498354486475902	8.73740047453256e-05	0.000118211247771109	-6.93480110160396e-05	0.719070631016492	0.100107411385607	0	0.941648386944257	19.7798539690089	51.5687577254685	0.58869395711501	33	15.9646987468047	28.5636178418783	0.0160818713450292	1	652.5	22.75	4	2610	91
113273	1184	0.00509678266176642	0.00509063818338683	0.000114477693343613	0.000137785634738033	-9.9635938489248e-05	0.483310124142697	0.121351766513057	0	0.944188921938162	19.8353639071214	51.5687577254685	0.576998050682261	32	15.9738826472556	28.5636178418783	0.0155945419103314	0.96969696969697	638.75	22.25	4	2555	89
113273	1207	0.00500578892910581	0.00500066768960512	9.2409082824121e-05	0.000111353982300461	-8.04007878658634e-05	0.88561795042541	0.0837585034013605	0	0.939251273565324	19.7304898513341	51.5687577254685	0.588206627680312	32	15.8854249285117	28.5636178418783	0.0155945419103314	0.96969696969697	650.25	23	4	2601	92
113273	1199	0.0049982586699268	0.0050008087284009	7.45888792015167e-05	0.000101488349820705	-5.82436772175374e-05	0.963945243664875	0.0714285714285714	0	0.939549957559957	19.5409326500009	51.5687577254685	0.584307992202729	33	15.8789215649925	28.5636178418783	0.0160818713450292	1	650.25	23.5	4	2601	94
113273	1203	0.00498930661754773	0.00498171934202518	8.73246311406832e-05	0.000106059605768782	-7.62268537851191e-05	0.870866130379953	0.086131226684222	0	0.938734244595264	19.6729889601088	51.5687577254685	0.58625730994152	32	15.9438299464871	28.5636178418783	0.0155945419103314	0.96969696969697	652.75	22.25	4	2611	89
113273	1191	0.00502422286243232	0.00502572147621292	7.96449988453422e-05	0.000106872075165878	-6.31407201021841e-05	0.63120117738309	0.107355442176871	0	0.942089436260417	19.6559478111856	51.5687577254685	0.580409356725146	32	15.6679154131485	28.5636178418783	0.0155945419103314	0.96969696969697	647	23	4	2588	92
113273	1195	0.00501419307608779	0.00501026930061345	0.000100570223841386	0.000124643236981304	-8.55429465431031e-05	0.547423237970563	0.116169544740973	0	0.931308124156907	19.5308797500036	51.5687577254685	0.582358674463938	31	15.8376264631499	28.5636178418783	0.0151072124756335	0.939393939393939	649	21.75	4	2596	87
113273	1225	0.00491631906540042	0.00490864295004382	9.5820716693315e-05	0.000119111900177006	-8.2338307032517e-05	0.987148594416164	0.0640816326530613	0	0.944268901366176	19.5841873642843	51.5687577254685	0.596978557504873	34	15.5682335468072	28.5636178418783	0.0165692007797271	1.03030303030303	662.5	24	4	2650	96
113273	1205	0.00498936563414285	0.00498739956527259	7.87132740026585e-05	0.00010375967898852	-6.41700498124442e-05	0.886055952309971	0.0828571428571429	0	0.9396129358549	19.7048514323078	51.5687577254685	0.587231968810916	34	15.8012332796371	28.5636178418783	0.0165692007797271	1.03030303030303	652	24	4	2608	96
113273	1209	0.00497224135426559	0.00497414640575569	9.94203937212915e-05	0.000138214240108667	-7.71579097593608e-05	0.802985791489466	0.0918367346938775	0	0.937839341485092	19.6468270467509	51.5687577254685	0.589181286549708	33	15.8051853810692	28.5636178418783	0.0160818713450292	1	653.75	23.5	4	2615	94
113273	1184	0.00507423518368766	0.00507063888894	9.49646759208381e-05	0.000115514454347384	-8.17311599894713e-05	0.591947611373889	0.109591836734694	0	0.937527092717017	19.6838700280773	51.5687577254685	0.576998050682261	34	15.7729483847961	28.5636178418783	0.0165692007797271	1.03030303030303	641.25	24	4	2565	96
113273	1220	0.00491124757875179	0.00490491002137469	8.20832131883962e-05	9.8041160738207e-05	-7.22157338935916e-05	0.673525461156758	0.105180533751962	0	0.93687461915367	19.4627100167031	51.5687577254685	0.594541910331384	31	16.0621524144926	28.5636178418783	0.0151072124756335	0.939393939393939	663	21.75	4	2652	87
113273	1259	0.0048221785697924	0.00481791374762815	9.11539429610945e-05	0.000117356734582748	-7.59306477042197e-05	0.802985791489466	0.0918367346938775	0	0.932124368247766	19.6973573711066	51.5687577254685	0.6135477582846	33	15.8051853810692	28.5636178418783	0.0160818713450292	1	675	23.5	4	2700	94
113273	1205	0.00498346952072455	0.00498170206750258	8.45718592136394e-05	0.000113725589111452	-6.80462031401839e-05	0.823465379900797	0.0903486394557823	0	0.9371331605154	19.5054021225817	51.5687577254685	0.587231968810916	32	15.9533923403445	28.5636178418783	0.0155945419103314	0.96969696969697	652.75	23	4	2611	92
113273	1207	0.00498026232466787	0.00498155235497338	8.49492878315461e-05	0.000119573603885691	-6.55782249492123e-05	0.764051722288161	0.096664472240509	0	0.938785493560678	19.5487905371978	51.5687577254685	0.588206627680312	32	15.8324135715632	28.5636178418783	0.0155945419103314	0.96969696969697	652.75	22.25	4	2611	89
113273	1210	0.00497269030074517	0.00496842376874698	0.000101358204372127	0.000123820216422394	-8.70905845166652e-05	0.8583247142158	0.0859183673469388	0	0.937952225654774	19.8234059913806	51.5687577254685	0.589668615984405	34	16.0489215466715	28.5636178418783	0.0165692007797271	1.03030303030303	654.5	24	4	2618	96
113273	1216	0.0049297291629988	0.00491948548120849	8.36297080746622e-05	0.000105957577754073	-7.19677870186567e-05	0.4951094374816	0.120254553434277	0	0.943775520930006	19.6839532793717	51.5687577254685	0.592592592592593	32	16.3130918706505	28.5636178418783	0.0155945419103314	0.96969696969697	661	22.25	4	2644	89
113273	1201	0.00499136706454752	0.00499306899632144	0.00010120936693971	0.000135878329121385	-8.027671563004e-05	0.29060435389831	0.142857142857143	0	0.938469674086288	19.6327634943233	51.5687577254685	0.585282651072125	31	15.8376264631499	28.5636178418783	0.0151072124756335	0.939393939393939	651.25	21.75	4	2605	87
113273	1204	0.0050059483414612	0.00500262276389191	9.52820401497634e-05	0.000122545869273059	-7.91048171720306e-05	0.650851441275465	0.106539389949528	0	0.94016243123647	19.6684457069607	51.5687577254685	0.586744639376218	32	16.0955823552873	28.5636178418783	0.0155945419103314	0.96969696969697	650	22.25	4	2600	89
113273	1242	0.00490042463716036	0.00488110862767126	0.000121271977884625	0.000138836979412073	-0.000111344017299842	0.302965392480014	0.141287284144427	0	0.945091292161682	19.9589130390584	51.5687577254685	0.605263157894737	31	15.8376264631499	28.5636178418783	0.0151072124756335	0.939393939393939	666.25	21.75	4	2665	87
113273	1209	0.00496251623933939	0.00495699744596849	7.50671806350488e-05	9.0302945518863e-05	-6.5688566900632e-05	0.61874528278767	0.108418367346939	0	0.938634958537724	19.6589863861864	51.5687577254685	0.589181286549708	32	15.8854249285117	28.5636178418783	0.0155945419103314	0.96969696969697	656	23	4	2624	92
113273	1175	0.0051237320733507	0.00512035029756993	0.000103170082772839	0.000134034558071712	-8.50809567358389e-05	0.195097895633645	0.15613342111038	0	0.940637977758131	19.7059938388066	51.5687577254685	0.57261208576998	32	15.9715777209903	28.5636178418783	0.0155945419103314	0.96969696969697	635	22.25	4	2540	89
113273	1182	0.00508910884388495	0.00508466862871563	8.63023693724057e-05	0.000100445804151485	-7.67775764847772e-05	0.963945243664875	0.0714285714285714	0	0.937631180760401	19.6972419570206	51.5687577254685	0.576023391812866	33	15.8051853810692	28.5636178418783	0.0160818713450292	1	639.5	23.5	4	2558	94
113273	1221	0.00490178541953513	0.00489920733340741	7.2312407358496e-05	0.000100228951433857	-5.75531277976436e-05	0.860922145056854	0.0865221088435374	0	0.941234814410471	19.6269938238323	51.5687577254685	0.595029239766082	32	15.6679154131485	28.5636178418783	0.0155945419103314	0.96969696969697	663.75	23	4	2655	92
113273	1206	0.00499800308706383	0.00499508551742857	9.23306595786715e-05	0.000117772393218392	-7.69539596623093e-05	0.465696162580495	0.12202380952381	0	0.940176279297792	19.7090222812895	51.5687577254685	0.587719298245614	32	15.8854249285117	28.5636178418783	0.0155945419103314	0.96969696969697	651	23	4	2604	92
113273	1185	0.00508681597399722	0.0050904749953649	8.30791454488086e-05	0.000109665498460178	-6.5857452211148e-05	0.710144630840253	0.0995918367346939	0	0.944824621991707	19.645766326313	51.5687577254685	0.577485380116959	34	15.8012332796371	28.5636178418783	0.0165692007797271	1.03030303030303	638.75	24	4	2555	96
113273	1214	0.00495636872817642	0.00495711853341887	9.08686367130582e-05	0.000120507139869408	-7.28714735706945e-05	0.813153657256398	0.0918367346938775	0	0.933320745891651	19.4807726707821	48.812312028313	0.591617933723197	31	15.7463152696078	28.5636178418783	0.0151072124756335	0.939393939393939	656	22.5	4	2624	90
113273	1201	0.0050042169869235	0.00499886087849451	8.50362954511998e-05	0.000104766179303675	-7.31106779986869e-05	0.470207007735735	0.121598639455782	0	0.937984892334524	19.7113581797697	51.5687577254685	0.585282651072125	32	15.6679154131485	28.5636178418783	0.0155945419103314	0.96969696969697	650.5	23	4	2602	92
113273	1199	0.00500940692143423	0.00501228938043932	0.000115083274986248	0.000154377111099433	-9.10143323143079e-05	0.887426331735528	0.0835459183673469	0	0.945612754771487	19.8499631061657	51.5687577254685	0.584307992202729	32	15.7298366531629	28.5636178418783	0.0155945419103314	0.96969696969697	648.75	23	4	2595	92
113273	1209	0.00496998301003931	0.00497203254871661	8.12818654618795e-05	0.000112889492680786	-6.29438132733806e-05	0.512682469090242	0.119309262166405	0	0.935269025058721	19.7209674180998	51.5687577254685	0.589181286549708	31	15.9194754864824	28.5636178418783	0.0151072124756335	0.939393939393939	654	21.75	4	2616	87
113273	1203	0.00496877786662348	0.00496841572882488	7.84257501205914e-05	0.00010193366110969	-6.39968531983037e-05	0.302965392480014	0.141287284144427	0	0.936000119919341	19.5134636539998	51.5687577254685	0.58625730994152	31	16.0655080807455	28.5636178418783	0.0151072124756335	0.939393939393939	654.5	21.75	4	2618	87
113273	1191	0.0050477491934593	0.00503959834169312	8.43376402781298e-05	0.00010246766300904	-7.37909728193074e-05	0.4951094374816	0.120254553434277	0	0.944088794489285	19.7638206674643	51.5687577254685	0.580409356725146	32	15.9438299464871	28.5636178418783	0.0155945419103314	0.96969696969697	645.25	22.25	4	2581	89
113273	1201	0.00499492143523554	0.00498931202127239	9.36847278900939e-05	0.000113956711924311	-8.11192128844839e-05	0.963945243664875	0.0714285714285714	0	0.939537780171425	19.7267701523782	51.5687577254685	0.585282651072125	33	15.8051853810692	28.5636178418783	0.0160818713450292	1	651.75	23.5	4	2607	94
113273	1169	0.00512839698491189	0.0051368179081281	0.000108012057935693	0.000149733286106096	-8.16827676741953e-05	0.275614573215326	0.142857142857143	0	0.942885183980374	19.5076199976756	51.5687577254685	0.569688109161793	32	15.6679154131485	28.5636178418783	0.0155945419103314	0.96969696969697	633	23	4	2532	92
113273	1210	0.00497924291351084	0.0049874014868685	9.5919143928958e-05	0.00013222324783689	-7.25413323836173e-05	0.963945243664875	0.0714285714285714	0	0.93952614966811	19.6993746062662	51.5687577254685	0.589668615984405	33	15.6680032470645	28.5636178418783	0.0160818713450292	1	652	23.5	4	2608	94
113273	1196	0.00503192359239255	0.00502968179686982	7.36724344986383e-05	9.25026774738103e-05	-6.19854526340876e-05	0.495664122597175	0.120879120879121	0	0.940084467150611	19.7257304698189	51.5687577254685	0.582846003898636	31	15.8376264631499	28.5636178418783	0.0151072124756335	0.939393939393939	646.5	21.75	4	2586	87
113273	1190	0.00505112103488829	0.00504329410504562	8.572846589595e-05	0.000110438895513518	-7.24381256573287e-05	0.963945243664875	0.0714285714285714	0	0.939412501393735	19.5931955904243	51.5687577254685	0.579922027290448	33	15.6680032470645	28.5636178418783	0.0160818713450292	1	644.75	23.5	4	2579	94
113273	1207	0.00500459379340828	0.00499498428645937	9.97153614918399e-05	0.000116681265465721	-8.92671436735987e-05	0.519116205934108	0.115918367346939	0	0.931441648706494	19.4972969789196	51.5687577254685	0.588206627680312	34	15.9983499737784	28.5636178418783	0.0165692007797271	1.03030303030303	651	24	4	2604	96
113273	1200	0.00493576102529351	0.00494583202718626	0.000109003791698595	0.000165948680592393	-7.73261033675297e-05	0.887426331735528	0.0835459183673469	0	0.94374162396516	19.4881594397326	51.5687577254685	0.584795321637427	32	15.6679154131485	28.5636178418783	0.0155945419103314	0.96969696969697	657.5	23	4	2630	92
113273	1191	0.00502040689189153	0.00501610769536309	0.000100991513376421	0.00012345621772577	-8.67512606671684e-05	0.470207007735735	0.121598639455782	0	0.941738010453559	19.5028253932719	51.5687577254685	0.580409356725146	32	15.6679154131485	28.5636178418783	0.0155945419103314	0.96969696969697	648.25	23	4	2593	92
113273	1226	0.00489995302956638	0.00490484198993403	8.50264700989205e-05	0.000119527218878489	-6.43814960212476e-05	0.823465379900797	0.0903486394557823	0	0.939416679023483	19.5650720976878	51.5687577254685	0.597465886939571	32	15.8854249285117	28.5636178418783	0.0155945419103314	0.96969696969697	663	23	4	2652	92
113273	1217	0.00493701299639917	0.00494199495703746	0.000101474043909896	0.000144202480980994	-7.66585688679806e-05	0.963945243664875	0.0714285714285714	0	0.932357657482908	19.5475031240599	51.5687577254685	0.59307992202729	33	15.6680032470645	28.5636178418783	0.0160818713450292	1	658	23.5	4	2632	94
113273	1173	0.00508387692945084	0.00507457427185839	0.000105266793801243	0.000130200812710345	-9.09399448755744e-05	0.718643891695464	0.101255886970173	0	0.948120822004017	19.7025034791553	51.5687577254685	0.571637426900585	31	16.1440014378251	28.5636178418783	0.0151072124756335	0.939393939393939	640.75	21.75	4	2563	87
113273	1237	0.00487682541265969	0.00487374272248988	8.95823604749662e-05	0.000123248197614972	-7.15464125862164e-05	0.987397150119939	0.064625850340136	0	0.936514937068836	19.7229192895754	51.5687577254685	0.602826510721248	32	15.8854249285117	28.5636178418783	0.0155945419103314	0.96969696969697	667.25	23	4	2669	92
113273	1205	0.00498980697526153	0.00498368311380753	9.90419500855268e-05	0.000120360695581178	-8.58536637614982e-05	0.759346606951865	0.09656283566058	0	0.937705052788603	19.720653395236	51.5687577254685	0.587231968810916	33	16.1677886741019	28.5636178418783	0.0160818713450292	1	652.5	22.75	4	2610	91
113273	1197	0.00498748357978919	0.00498171819039034	8.70125514786781e-05	0.000107848390273479	-7.46046480303606e-05	0.963945243664875	0.0714285714285714	0	0.942621121086362	19.6212398291202	51.5687577254685	0.583333333333333	33	15.6680032470645	28.5636178418783	0.0160818713450292	1	652.75	23.5	4	2611	94
113273	1204	0.00497434012236276	0.00496841228314398	0.000110778703016702	0.000137459482439074	-9.45625938632382e-05	0.292939677163344	0.141759929778363	0	0.933154629916301	19.6860469106271	51.5687577254685	0.586744639376218	32	15.9715777209903	28.5636178418783	0.0155945419103314	0.96969696969697	654.5	22.25	4	2618	89
113273	1228	0.00488749817799937	0.00488107778652492	9.16221059747907e-05	0.000117218235052273	-7.71903910595937e-05	0.6954984947447	0.102699144173798	0	0.940452473315894	19.7139630780057	51.5687577254685	0.598440545808967	32	15.9738826472556	28.5636178418783	0.0155945419103314	0.96969696969697	666.25	22.25	4	2665	89
113273	1218	0.00492983251462399	0.00491988428841042	9.27802896131892e-05	0.000109779431372466	-8.26824042277392e-05	0.718643891695464	0.101255886970173	0	0.933002891045576	19.654232003853	51.5687577254685	0.593567251461988	31	15.8376264631499	28.5636178418783	0.0151072124756335	0.939393939393939	661	21.75	4	2644	87
113273	1201	0.00498210899439735	0.00498165792150038	9.91463814733209e-05	0.000125407304143422	-8.23158480335988e-05	0.6954984947447	0.102699144173798	0	0.945540223161252	19.7708773725381	51.5687577254685	0.585282651072125	32	16.0395451328232	28.5636178418783	0.0155945419103314	0.96969696969697	652.75	22.25	4	2611	89
113273	1177	0.00509582208519787	0.00508656938577187	9.41608807285904e-05	0.000103449025840125	-8.79290102177616e-05	0.661959393103822	0.105297438124186	0	0.940562480117028	19.5939923720413	51.5687577254685	0.573586744639376	31	15.7463152696078	28.5636178418783	0.0151072124756335	0.939393939393939	639.25	22.5	4	2557	90
113273	1243	0.00483588191035858	0.00483218304641775	7.70529758625324e-05	9.90795018742027e-05	-6.42582526888626e-05	0.259220904485467	0.149264356905553	0	0.932406910967924	19.7379345804373	48.812312028313	0.605750487329435	30	16.0161929951351	28.5636178418783	0.0146198830409357	0.909090909090909	673	20.5	4	2692	82
113273	1206	0.00498795622696304	0.0049873265446281	8.74447287431889e-05	0.000123777784507833	-6.79817853829991e-05	0.937874072102968	0.0759183673469387	0	0.94242292275291	19.5335153676725	51.5687577254685	0.587719298245614	34	15.8012332796371	28.5636178418783	0.0165692007797271	1.03030303030303	652	24	4	2608	96
113273	1192	0.00501714347256935	0.00501620858203397	9.79818817453402e-05	0.000118994823499654	-8.37310487656552e-05	0.6954984947447	0.102699144173798	0	0.940068165267433	19.7503136890026	51.5687577254685	0.580896686159844	32	15.7240155048586	28.5636178418783	0.0155945419103314	0.96969696969697	648.25	22.25	4	2593	89
113273	1182	0.00507434491406476	0.00508052350667377	0.000112697389342777	0.000162993592365971	-8.40351368693515e-05	0.84677192962765	0.0880102040816326	0	0.944197472656973	19.6661839472389	51.5687577254685	0.576023391812866	32	15.6679154131485	28.5636178418783	0.0155945419103314	0.96969696969697	640	23	4	2560	92
113273	1210	0.00500208816370229	0.00499110786635627	7.52036346064506e-05	8.93512314763935e-05	-6.74280762577812e-05	0.606207607567004	0.110379635725258	0	0.938484099046209	19.7396476784197	51.5687577254685	0.589668615984405	32	15.9738826472556	28.5636178418783	0.0155945419103314	0.96969696969697	651.5	22.25	4	2606	89
113273	1216	0.004899122469373	0.00490114720955834	0.000101199615297713	0.000140991951117133	-7.84077388604107e-05	0.963945243664875	0.0714285714285714	0	0.934240363934196	19.5598295941765	51.5687577254685	0.592592592592593	33	15.8051853810692	28.5636178418783	0.0160818713450292	1	663.5	23.5	4	2654	94
113273	1172	0.00511367634424632	0.00511446075233176	0.000100119222886305	0.000138470661683742	-7.8329960773317e-05	0.358670436053946	0.135899814471243	0	0.946777301724532	19.5792853218569	51.5687577254685	0.571150097465887	31	16.1510843293092	28.5636178418783	0.0151072124756335	0.939393939393939	635.75	21	4	2543	84
113273	1210	0.00497115700545634	0.00496076588684484	0.000111091758983415	0.000135610195700853	-9.68470056357718e-05	0.963945243664875	0.0714285714285714	0	0.93863277142988	19.7504399063615	51.5687577254685	0.589668615984405	33	15.8051853810692	28.5636178418783	0.0160818713450292	1	655.5	23.5	4	2622	94
113273	1214	0.00496757352392741	0.00496645917452587	8.52118597445492e-05	0.000119365676206564	-6.67945860148009e-05	0.302965392480014	0.141287284144427	0	0.945506359151581	19.7471456628058	51.5687577254685	0.591617933723197	31	15.8376264631499	28.5636178418783	0.0151072124756335	0.939393939393939	654.75	21.75	4	2619	87
113273	1203	0.00501812787485352	0.0050142998100536	0.000113812764404321	0.00014593475463341	-9.46225616943147e-05	0.870866130379953	0.086131226684222	0	0.942183500443267	19.7924297465844	51.5687577254685	0.58625730994152	32	15.830108645298	28.5636178418783	0.0155945419103314	0.96969696969697	648.5	22.25	4	2594	89
113273	1175	0.00510361862614213	0.00510042575064765	8.15875471942916e-05	0.00010194500586625	-6.90463008759971e-05	0.845327861823414	0.0888742593811718	0	0.937616518342584	19.576783884828	51.5687577254685	0.57261208576998	32	15.8324135715632	28.5636178418783	0.0155945419103314	0.96969696969697	637.5	22.25	4	2550	89
113273	1225	0.00490039428451746	0.00489931115306446	8.66756313745085e-05	0.000125049701808399	-6.68626218791833e-05	0.802985791489466	0.0918367346938775	0	0.943221600235384	19.700740548863	51.5687577254685	0.596978557504873	33	15.8710931743617	28.5636178418783	0.0160818713450292	1	663.75	23.5	4	2655	94
113273	1233	0.00486335322163337	0.00485922175452289	8.98000161004499e-05	0.000117542159591663	-7.40677372025008e-05	0.831481729652682	0.0897959183673469	0	0.938375107397945	19.5863243827602	51.5687577254685	0.600877192982456	33	15.9646987468047	28.5636178418783	0.0160818713450292	1	669.25	22.75	4	2677	91
113273	1215	0.00492212963261616	0.00492142477239239	8.901148698062e-05	0.000125806050067472	-6.92763042736407e-05	0.48986640524497	0.121768707482993	0	0.939928578211652	19.50422337835	51.5687577254685	0.592105263157895	32	16.0299827389657	28.5636178418783	0.0155945419103314	0.96969696969697	660.75	21.5	4	2643	86
113273	1213	0.0049761728791005	0.00497230496530068	7.78902230990118e-05	9.52546416325508e-05	-6.70232536529876e-05	0.973218273778734	0.069515306122449	0	0.939958334312464	19.8249395054956	51.5687577254685	0.591130604288499	32	15.7472066545019	28.5636178418783	0.0155945419103314	0.96969696969697	654	23	4	2616	92
113273	1181	0.00509028387360338	0.00508451934546484	0.000100491654985475	0.00013711350224962	-8.13593368690213e-05	0.776115863557525	0.0955672591617291	0	0.947884923697981	19.7912541616046	51.5687577254685	0.575536062378168	32	15.7240155048586	28.5636178418783	0.0155945419103314	0.96969696969697	639.5	22.25	4	2558	89
113273	1191	0.00505750905600603	0.00505895401507394	9.71553229505756e-05	0.000126694474150501	-7.8538619183512e-05	0.806641073306653	0.0927145051569014	0	0.932995716791818	19.6750086914833	51.5687577254685	0.580409356725146	32	15.9715777209903	28.5636178418783	0.0155945419103314	0.96969696969697	642.75	22.25	4	2571	89
113273	1195	0.00504660852478054	0.00503941699002003	0.000109186624096862	0.000137036021795465	-9.29084436832307e-05	0.870866130379953	0.086131226684222	0	0.942636582095554	19.5772811970701	51.5687577254685	0.582358674463938	32	15.9715777209903	28.5636178418783	0.0155945419103314	0.96969696969697	645.25	22.25	4	2581	89
113273	1192	0.00501300521021991	0.00500847307814248	8.13217628218515e-05	0.000104790046991742	-6.79154442314513e-05	0.963945243664875	0.0714285714285714	0	0.944467588581528	19.6065107217848	51.5687577254685	0.580896686159844	33	15.8051853810692	28.5636178418783	0.0160818713450292	1	649.25	23.5	4	2597	94
113273	1233	0.00487019467524815	0.00486647757711384	8.94471367631079e-05	0.00012015670859125	-7.25845916240957e-05	0.870866130379953	0.086131226684222	0	0.940808475035771	19.8742779640492	51.5687577254685	0.600877192982456	32	15.9738826472556	28.5636178418783	0.0155945419103314	0.96969696969697	668.25	22.25	4	2673	89
113273	1220	0.00495779277251474	0.00494382666601707	0.000117729101927963	0.000140357029239638	-0.000104712394146516	0.606255875006102	0.110073816760747	0	0.940950033891889	19.8757054293562	51.5687577254685	0.594541910331384	31	15.7496709358608	28.5636178418783	0.0151072124756335	0.939393939393939	657.75	22.5	4	2631	90
113273	1209	0.00497904376791811	0.00497027151523914	9.97839517134692e-05	0.000123341087471269	-8.62199429432035e-05	0.340509136225662	0.138822971048885	0	0.942409618898647	19.6959212803608	51.5687577254685	0.589181286549708	30	16.0161929951351	28.5636178418783	0.0146198830409357	0.909090909090909	654.25	20.5	4	2617	82
113273	1165	0.00519675062242268	0.00518764483322438	8.60303307860252e-05	9.87512903511179e-05	-7.81186387444839e-05	0.302965392480014	0.141287284144427	0	0.944700898664429	19.7083653204468	51.5687577254685	0.567738791423002	31	15.8376264631499	28.5636178418783	0.0151072124756335	0.939393939393939	626.75	21.75	4	2507	87
113273	1212	0.00495239178772978	0.00494752666460621	0.000108730784717965	0.000153467052176236	-8.60466125853708e-05	0.802985791489466	0.0918367346938775	0	0.939993684653235	19.5956323302979	51.5687577254685	0.590643274853801	33	15.9231972191606	28.5636178418783	0.0160818713450292	1	657.25	23.5	4	2629	94
113273	1202	0.0050473992468623	0.00503549736561962	7.21945522400218e-05	8.23532945459901e-05	-6.64906703605646e-05	0.832265910069462	0.0885714285714286	0	0.938349357157141	19.7709793613116	51.5687577254685	0.585769980506823	34	15.8012332796371	28.5636178418783	0.0165692007797271	1.03030303030303	645.75	24	4	2583	96
113273	1197	0.00505184805289984	0.00504918913830516	8.42345157699374e-05	0.00010904924923946	-6.95794693794908e-05	0.76650548491459	0.0961788970907512	0	0.939075618872308	19.7123997884993	51.5687577254685	0.583333333333333	31	15.7496709358608	28.5636178418783	0.0151072124756335	0.939393939393939	644	22.5	4	2576	90
113273	1199	0.00502123662354329	0.00502397143594723	9.86649088167412e-05	0.000136091861866054	-7.66317744911903e-05	0.860922145056854	0.0865221088435374	0	0.942401471513777	19.6639744611439	51.5687577254685	0.584307992202729	32	15.8854249285117	28.5636178418783	0.0155945419103314	0.96969696969697	647.25	23	4	2589	92
113273	1229	0.00487970626573362	0.00487200004319297	8.7887163330392e-05	0.000107416751338567	-7.64404048502265e-05	0.963945243664875	0.0714285714285714	0	0.935579830728414	19.6761928538623	51.5687577254685	0.598927875243665	33	15.8051853810692	28.5636178418783	0.0160818713450292	1	667.5	23.5	4	2670	94
113273	1214	0.00494774202237843	0.00494010258716308	8.53662546423167e-05	0.000108677424617651	-7.25609479747597e-05	0.823465379900797	0.0903486394557823	0	0.93626861359081	19.7073824061575	51.5687577254685	0.591617933723197	32	15.8854249285117	28.5636178418783	0.0155945419103314	0.96969696969697	658.25	23	4	2633	92
113273	1177	0.00513532982154647	0.00512664801726313	0.000101756955768515	0.000123436304761916	-8.8861586222851e-05	0.281424328441572	0.142857142857143	0	0.945431553261915	19.6594184916331	51.5687577254685	0.573586744639376	31	15.7463152696078	28.5636178418783	0.0151072124756335	0.939393939393939	634.25	22.5	4	2537	90
113273	1224	0.00489267497922851	0.00489924810621818	9.26580840533915e-05	0.000150259561596523	-6.44062748543732e-05	0.999557758463592	0.0510204081632653	0	0.940690348753832	19.6477436973161	51.5687577254685	0.596491228070175	33	15.5651250502748	28.5636178418783	0.0160818713450292	1	663.75	23.5	4	2655	94
113273	1231	0.0048932165417119	0.00488638511707335	8.33365586125355e-05	0.000103115615356234	-7.18433482807559e-05	0.843719276577666	0.088797221016066	0	0.936153972440191	19.7775122812056	51.5687577254685	0.59990253411306	31	15.8281642929404	28.5636178418783	0.0151072124756335	0.939393939393939	665.5	22.5	4	2662	90
113273	1204	0.00501051389142221	0.00500828049182592	9.24791215737178e-05	0.000118430435349787	-7.66959114455799e-05	0.831481729652682	0.0897959183673469	0	0.938692341904232	19.6508374548219	51.5687577254685	0.586744639376218	33	16.0306065400972	28.5636178418783	0.0160818713450292	1	649.25	22.75	4	2597	91
113273	1191	0.00504990105197589	0.0050491833020162	0.000118444779778172	0.000153868154473996	-9.67398762503774e-05	0.963945243664875	0.0714285714285714	0	0.94093420317343	19.6281702623712	51.5687577254685	0.580409356725146	33	15.8051853810692	28.5636178418783	0.0160818713450292	1	644	23.5	4	2576	94
113273	1241	0.0048588263333631	0.00485571289150639	8.81665486793893e-05	0.000120995485474677	-7.0536928170611e-05	0.779834736958307	0.0957613814756671	0	0.929538857922804	19.817348655409	51.5687577254685	0.604775828460039	31	15.8352471844245	28.5636178418783	0.0151072124756335	0.939393939393939	669.75	21.75	4	2679	87
113273	1210	0.00500143196582711	0.00499117940450056	0.000104575187748808	0.000124208907649901	-9.2786509314759e-05	0.764051722288161	0.096664472240509	0	0.939837924941681	19.7432906550394	51.5687577254685	0.589668615984405	32	15.830108645298	28.5636178418783	0.0155945419103314	0.96969696969697	651.5	22.25	4	2606	89
113273	1242	0.00483423673088087	0.00483399245349801	9.30454375916166e-05	0.000126696619433949	-7.37722364601518e-05	0.776115863557525	0.0955672591617291	0	0.93766129694947	19.5797451114813	51.5687577254685	0.605263157894737	32	16.0499230869264	28.5636178418783	0.0155945419103314	0.96969696969697	672.75	22.25	4	2691	89
113273	1212	0.00496878402508055	0.00497028836721736	9.20525783708831e-05	0.000121032916411971	-7.39797154518441e-05	0.650851441275465	0.106539389949528	0	0.935511118088868	19.7031083219912	51.5687577254685	0.590643274853801	32	15.9738826472556	28.5636178418783	0.0155945419103314	0.96969696969697	654.25	22.25	4	2617	89
113273	1191	0.00503886870077708	0.00503352217654118	8.05059667468703e-05	9.77450438283429e-05	-6.99138598689108e-05	0.963945243664875	0.0714285714285714	0	0.935405258475333	19.640548301065	51.5687577254685	0.580409356725146	33	15.9231972191606	28.5636178418783	0.0160818713450292	1	646	23.5	4	2584	94
113273	1199	0.0050107050181983	0.0050159809105813	8.7055284606961e-05	0.000124240449037777	-6.52276049157388e-05	0.68734105291456	0.102040816326531	0	0.934110691621154	19.7259185922071	51.5687577254685	0.584307992202729	33	15.8051853810692	28.5636178418783	0.0160818713450292	1	648.25	23.5	4	2593	94
113273	1217	0.00495165824212938	0.00494399733815467	8.93493448166447e-05	0.000106348340720608	-7.89444118484269e-05	0.292939677163344	0.141759929778363	0	0.942297248841715	19.6642774663386	51.5687577254685	0.59307992202729	32	15.8324135715632	28.5636178418783	0.0155945419103314	0.96969696969697	657.75	22.25	4	2631	89
113273	1234	0.00489859889699952	0.00489567147317202	9.63056393960612e-05	0.000125621552895822	-7.9154430826709e-05	0.302965392480014	0.141287284144427	0	0.936715131743769	19.772385565039	51.5687577254685	0.601364522417154	31	16.0655080807455	28.5636178418783	0.0151072124756335	0.939393939393939	664.25	21.75	4	2657	87
113273	1215	0.0049609279053354	0.00495128265221058	7.98959040536769e-05	9.84182441926646e-05	-6.97816304907061e-05	0.719070631016492	0.100107411385607	0	0.943051134146882	19.6097958023735	51.5687577254685	0.592105263157895	33	15.9646987468047	28.5636178418783	0.0160818713450292	1	656.75	22.75	4	2627	91
113273	1224	0.00490429053730018	0.00490111624077746	9.72840314156612e-05	0.000128147374664675	-7.95644325566775e-05	0.4951094374816	0.120254553434277	0	0.938369587966322	19.5945748043917	51.5687577254685	0.596491228070175	32	16.0499230869264	28.5636178418783	0.0155945419103314	0.96969696969697	663.5	22.25	4	2654	89
113273	1168	0.00515152971942451	0.00514468555205003	9.73056983797111e-05	0.000113054588600812	-8.70321650460763e-05	0.979643020280682	0.0676020408163265	0	0.935207407385415	19.5847137495529	51.5687577254685	0.569200779727095	32	15.8886757301942	28.5636178418783	0.0155945419103314	0.96969696969697	632	23	4	2528	92
113273	1202	0.00496920127371803	0.00497212143851619	9.49994996994739e-05	0.000135168346145314	-7.23598852553804e-05	0.465696162580495	0.12202380952381	0	0.937275890142058	19.6446279252832	51.5687577254685	0.585769980506823	32	15.7439558528193	28.5636178418783	0.0155945419103314	0.96969696969697	654	23	4	2616	92
113273	1199	0.00502696806022989	0.00502589962713229	7.69179318672942e-05	0.000109344772419951	-5.98403368824695e-05	0.823465379900797	0.0903486394557823	0	0.939449933803878	19.6388229440465	51.5687577254685	0.584307992202729	32	15.6679154131485	28.5636178418783	0.0155945419103314	0.96969696969697	647	23	4	2588	92
113273	1195	0.00499729600758954	0.00499882775094793	7.77453013065393e-05	0.000104977631299186	-6.13759369631905e-05	0.4951094374816	0.120254553434277	0	0.934577215949457	19.6479014792305	51.5687577254685	0.582358674463938	32	16.0499230869264	28.5636178418783	0.0155945419103314	0.96969696969697	650.5	22.25	4	2602	89
113273	1236	0.00487214134561376	0.00487742517232693	9.52363110605592e-05	0.000136984330609	-7.12101617344003e-05	0.819099270501577	0.0907738095238095	0	0.939805076247712	19.7154359223286	51.5687577254685	0.60233918128655	32	15.6679154131485	28.5636178418783	0.0155945419103314	0.96969696969697	666.75	23	4	2667	92
113273	1212	0.00498568763378505	0.0049741352902882	7.47615686625172e-05	8.59527314168665e-05	-6.84189273442435e-05	0.965573865625368	0.0714285714285714	0	0.944577142642201	19.5335467963216	51.5687577254685	0.590643274853801	32	15.8886757301942	28.5636178418783	0.0155945419103314	0.96969696969697	653.75	23	4	2615	92
113273	1226	0.00492378721851919	0.00492143728723038	8.42707626044904e-05	0.000111545494080554	-6.86071145229128e-05	0.483310124142697	0.121351766513057	0	0.937868209472954	19.5822278100497	48.812312028313	0.597465886939571	32	15.8324135715632	28.5636178418783	0.0155945419103314	0.96969696969697	660.75	22.25	4	2643	89
113273	1232	0.0048650290492518	0.00485747733608586	7.5314257522716e-05	8.65424495070839e-05	-6.82575348240087e-05	0.963945243664875	0.0714285714285714	0	0.92982793273749	19.6107110565646	51.5687577254685	0.600389863547758	33	15.8051853810692	28.5636178418783	0.0160818713450292	1	669.5	23.5	4	2678	94
113273	1181	0.00509020261213006	0.00508264402154991	0.000106257919084243	0.000127631876365285	-9.30203170503306e-05	0.979643020280682	0.0676020408163265	0	0.939019280645599	19.8966847293805	51.5687577254685	0.575536062378168	32	15.8886757301942	28.5636178418783	0.0155945419103314	0.96969696969697	639.75	23	4	2559	92
113273	1191	0.0050562071690375	0.00505698000346706	0.000103230063976916	0.000135582725857827	-8.33111816016435e-05	0.850871865466918	0.0875850340136054	0	0.939647749982087	19.5349741059355	51.5687577254685	0.580409356725146	32	15.8854249285117	28.5636178418783	0.0155945419103314	0.96969696969697	643	23	4	2572	92
113273	1191	0.00503917638357523	0.0050314387847499	9.53426439804898e-05	0.000114782116349553	-8.35550246162366e-05	0.999557758463592	0.0510204081632653	0	0.934662921329649	19.861603943945	51.5687577254685	0.580409356725146	33	15.8789215649925	28.5636178418783	0.0160818713450292	1	646.25	23.5	4	2585	94
113273	1217	0.00495050571430165	0.00494378056930133	7.35503283181644e-05	8.7517076561891e-05	-6.50848837520621e-05	0.962311249817302	0.0714285714285714	0	0.943674151322026	19.5564524724139	51.5687577254685	0.59307992202729	34	15.8012332796371	28.5636178418783	0.0165692007797271	1.03030303030303	657.75	24	4	2631	96
113273	1179	0.0051158756353917	0.00511239835100105	0.000101784321159401	0.000127799147799386	-8.5743788664166e-05	0.302965392480014	0.141287284144427	0	0.945215348613731	19.5655179212009	48.812312028313	0.574561403508772	31	15.8376264631499	28.5636178418783	0.0151072124756335	0.939393939393939	636	21.75	4	2544	87
113273	1170	0.00513107399919142	0.00513661246891538	9.77406124157167e-05	0.000132147200961767	-7.58678240967855e-05	0.963945243664875	0.0714285714285714	0	0.932471441986018	19.7781919908261	51.5687577254685	0.570175438596491	33	15.8051853810692	28.5636178418783	0.0160818713450292	1	633	23.5	4	2532	94
113273	1232	0.00491249071041611	0.00490472406877022	9.25922941173686e-05	0.000111533135130816	-8.11672756964716e-05	0.430383387626031	0.127158555729984	0	0.931760243329082	19.605785725216	51.5687577254685	0.600389863547758	31	15.8376264631499	28.5636178418783	0.0151072124756335	0.939393939393939	663	21.75	4	2652	87
113273	1208	0.00496135396518804	0.00495502984482283	8.71297444637194e-05	0.000113724831774618	-7.26464253800269e-05	0.976570281889163	0.0687432867883995	0	0.937044280492584	19.678363671275	51.5687577254685	0.58869395711501	33	15.9624636667899	28.5636178418783	0.0160818713450292	1	656.25	22.75	4	2625	91
113273	1226	0.00494344478655231	0.0049214934143826	0.000106695632392431	0.000109852133599183	-0.000104971831404438	0.591915660328865	0.112244897959184	0	0.932616810672495	19.6277394654204	51.5687577254685	0.597465886939571	31	15.8376264631499	28.5636178418783	0.0151072124756335	0.939393939393939	660.75	21.75	4	2643	87
113273	1213	0.00492794624588177	0.00493083738507389	8.04317210170176e-05	0.000121489512512443	-5.91403629276484e-05	0.776115863557525	0.0955672591617291	0	0.94516822119194	19.5013669655728	51.5687577254685	0.591130604288499	32	15.9738826472556	28.5636178418783	0.0155945419103314	0.96969696969697	659.5	22.25	4	2638	89
113273	1239	0.00486686908657183	0.00485738750685076	0.000102024120676139	0.000128733970353468	-8.72398741147381e-05	0.105734637843467	0.180272108843537	0	0.938235907369888	19.5099113972069	51.5687577254685	0.603801169590643	29	16.1155964015513	28.5636178418783	0.0141325536062378	0.878787878787879	669.5	20	4	2678	80
113273	1208	0.00495624703127307	0.00495149555364343	7.52661560233814e-05	9.48487315204169e-05	-6.38345646273794e-05	0.958049191507038	0.0732545649838883	0	0.943736267611857	19.5984720321294	51.5687577254685	0.58869395711501	33	16.1677886741019	28.5636178418783	0.0160818713450292	1	656.75	22.75	4	2627	91
113273	1219	0.00491728034209491	0.00491384148410959	8.56420361440839e-05	0.00010852620781817	-7.18665399686694e-05	0.68734105291456	0.102040816326531	0	0.936195732789848	19.752181501056	51.5687577254685	0.594054580896686	33	15.5651250502748	28.5636178418783	0.0160818713450292	1	661.75	23.5	4	2647	94
113273	1223	0.00491759065043472	0.00492513962465547	8.54191079739422e-05	0.000128878709331736	-6.10451996968589e-05	0.586543706751937	0.111181972789116	0	0.936722619973971	19.6332224870171	51.5687577254685	0.596003898635478	32	15.6679154131485	28.5636178418783	0.0155945419103314	0.96969696969697	660.25	23	4	2641	92
113273	1252	0.00482345034814193	0.00481088800398949	7.99234398735715e-05	9.36416053453939e-05	-7.23848274978138e-05	0.728280507618625	0.0998463901689708	0	0.933961768491587	19.7211124933546	51.5687577254685	0.610136452241715	32	16.0499230869264	28.5636178418783	0.0155945419103314	0.96969696969697	676	22.25	4	2704	89
113273	1210	0.00501449856953532	0.00500239146396053	9.922037491091e-05	0.000117657133480952	-8.85992540295673e-05	0.958049191507038	0.0732545649838883	0	0.932146117918553	19.8206026793822	51.5687577254685	0.589668615984405	33	16.2198927189008	28.5636178418783	0.0160818713450292	1	650	22.75	4	2600	91
113273	1214	0.00494028170969458	0.0049327184829641	8.91614185423451e-05	0.000107642769518055	-7.80714511508317e-05	0.4951094374816	0.120254553434277	0	0.937060249035328	19.615158705136	51.5687577254685	0.591617933723197	32	15.9738826472556	28.5636178418783	0.0155945419103314	0.96969696969697	659.25	22.25	4	2637	89
113273	1185	0.00506517584553602	0.00507264979087429	0.000104058252852149	0.000140813512759577	-8.0164350903574e-05	0.292939677163344	0.141759929778363	0	0.942869659187896	19.7568607136825	51.5687577254685	0.577485380116959	32	15.8324135715632	28.5636178418783	0.0155945419103314	0.96969696969697	641	22.25	4	2564	89
113273	1192	0.00503715481551525	0.00503550667841469	8.55167450713064e-05	0.000109029190361975	-7.09998583685799e-05	0.487252155778954	0.121664050235479	0	0.943742530314796	19.7810923273177	51.5687577254685	0.580896686159844	31	15.9161198202295	28.5636178418783	0.0151072124756335	0.939393939393939	645.75	21.75	4	2583	87
113273	1206	0.00499962343829802	0.00499301551452895	7.83768868026852e-05	9.34357407957565e-05	-6.91595042987259e-05	0.15068018954172	0.163265306122449	0	0.937240864013787	19.7891045475988	48.812312028313	0.587719298245614	32	15.6679154131485	28.5636178418783	0.0155945419103314	0.96969696969697	651.25	23	4	2605	92
113273	1176	0.00511472908168015	0.00511855491792236	9.06336978342602e-05	0.000116472632860771	-7.32027858687057e-05	0.591915660328865	0.112244897959184	0	0.937064005126434	19.6108041053	51.5687577254685	0.573099415204678	31	15.8352471844245	28.5636178418783	0.0151072124756335	0.939393939393939	635.25	21.75	4	2541	87
113273	1221	0.00492729465440433	0.00493074049649173	9.01847045972383e-05	0.000121498970697842	-7.07296527009263e-05	0.882516106909028	0.083265306122449	0	0.934672176272429	19.6566090541891	51.5687577254685	0.595029239766082	34	15.8012332796371	28.5636178418783	0.0165692007797271	1.03030303030303	659.5	24	4	2638	96
113273	1193	0.00504406787347716	0.00504530917279763	7.20922888181132e-05	9.27264077247021e-05	-5.87467099816619e-05	0.562131507311924	0.114219881500987	0	0.937162477352626	19.6553077488014	51.5687577254685	0.581384015594542	32	15.8324135715632	28.5636178418783	0.0155945419103314	0.96969696969697	644.5	22.25	4	2578	89
113273	1217	0.00494479407893991	0.00494768335998776	9.16213951840975e-05	0.0001326474469716	-6.90809155886269e-05	0.470207007735735	0.121598639455782	0	0.938005170114636	19.5331135485545	51.5687577254685	0.59307992202729	32	15.6679154131485	28.5636178418783	0.0155945419103314	0.96969696969697	657.25	23	4	2629	92
113273	1222	0.00488764040874244	0.00488105521983248	8.03356977575839e-05	9.46346673626426e-05	-7.13821066202112e-05	0.606207607567004	0.110379635725258	0	0.931328817558662	19.6276121155732	51.5687577254685	0.59551656920078	32	15.830108645298	28.5636178418783	0.0155945419103314	0.96969696969697	666.25	22.25	4	2665	89
113273	1215	0.00492319578948992	0.00491796487945324	0.00011723703450892	0.000147761067593105	-9.88475274531692e-05	0.703443086360609	0.101190476190476	0	0.943669108974738	19.662513739624	51.5687577254685	0.592105263157895	32	15.8854249285117	28.5636178418783	0.0155945419103314	0.96969696969697	661.25	23	4	2645	92
113273	1189	0.00505355848280944	0.00505305370760183	7.71068478503651e-05	0.00010127186834514	-6.25649669304129e-05	0.6954984947447	0.102699144173798	0	0.938435690334164	19.6887034538292	51.5687577254685	0.579434697855751	32	15.8324135715632	28.5636178418783	0.0155945419103314	0.96969696969697	643.5	22.25	4	2574	89
113273	1198	0.00506943975662959	0.0050668095834263	0.000113645413960434	0.000156824276915724	-9.02065584182063e-05	0.377439684176685	0.13265306122449	0	0.94305188858396	19.8705275930865	51.5687577254685	0.583820662768031	31	16.0597731357671	28.5636178418783	0.0151072124756335	0.939393939393939	641.75	21.75	4	2567	87
113273	1207	0.00496590409866114	0.00495899176533061	7.58434497899541e-05	9.4609217836414e-05	-6.52459310496766e-05	0.986213428646134	0.0644897959183674	0	0.94253550942304	19.5565627157298	51.5687577254685	0.588206627680312	34	15.8012332796371	28.5636178418783	0.0165692007797271	1.03030303030303	655.75	24	4	2623	96
113273	1224	0.00492782675776732	0.00492329268828359	8.37741448830562e-05	0.000110352231319279	-6.90495080421107e-05	0.963945243664875	0.0714285714285714	0	0.940417264297007	19.7105073887479	51.5687577254685	0.596491228070175	33	15.8051853810692	28.5636178418783	0.0160818713450292	1	660.5	23.5	4	2642	94
113273	1226	0.00493087114700619	0.00492144335503062	8.88428975062912e-05	0.000106382481953353	-7.85868625554323e-05	0.562131507311924	0.114219881500987	0	0.941356419520521	19.5928417183848	51.5687577254685	0.597465886939571	32	15.9738826472556	28.5636178418783	0.0155945419103314	0.96969696969697	660.75	22.25	4	2643	89
113273	1172	0.00513055771721947	0.00513245198041146	8.92324325418721e-05	0.000118726670314455	-7.10462416057645e-05	0.963945243664875	0.0714285714285714	0	0.938453665171183	19.5731307986099	48.812312028313	0.571150097465887	33	15.8051853810692	28.5636178418783	0.0160818713450292	1	633.5	23.5	4	2534	94
113273	1207	0.00497007044852671	0.00497598388482685	9.41232853494167e-05	0.000135838245476416	-6.99798135790955e-05	0.8583247142158	0.0859183673469388	0	0.938121310759539	19.8314234001257	51.5687577254685	0.588206627680312	34	15.5682335468072	28.5636178418783	0.0165692007797271	1.03030303030303	653.5	24	4	2614	96
113273	1169	0.00516399597799602	0.00516499164109134	8.84645968027744e-05	0.000109523677409225	-7.412521868622e-05	0.831481729652682	0.0897959183673469	0	0.941333505770883	19.6185082788467	51.5687577254685	0.569688109161793	33	15.9646987468047	28.5636178418783	0.0160818713450292	1	629.5	22.75	4	2518	91
113273	1193	0.00502437742085158	0.0050317838674517	8.00365793834537e-05	0.0001070908203744	-6.15312217853541e-05	0.823465379900797	0.0903486394557823	0	0.934473724318111	19.7637550399822	51.5687577254685	0.581384015594542	32	15.6679154131485	28.5636178418783	0.0155945419103314	0.96969696969697	646.25	23	4	2585	92
113273	1215	0.00497118257094611	0.00497224136311649	8.09548986775106e-05	0.000105954571016511	-6.53332706144415e-05	0.911417570293286	0.0809813287016934	0	0.942759128286029	19.7810390673639	51.5687577254685	0.592105263157895	31	15.7496709358608	28.5636178418783	0.0151072124756335	0.939393939393939	654	22.5	4	2616	90
113273	1221	0.00490112913316582	0.00490293553277849	7.63246141586368e-05	0.00010276935821305	-6.02540767037841e-05	0.965573865625368	0.0714285714285714	0	0.937906334802436	19.780438577725	51.5687577254685	0.595029239766082	32	15.6679154131485	28.5636178418783	0.0155945419103314	0.96969696969697	663.25	23	4	2653	92
113273	1192	0.00502981015777411	0.00503744380401181	9.43754984211697e-05	0.000139574416977694	-6.85138759152256e-05	0.963945243664875	0.0714285714285714	0	0.930850362459304	19.7017519422919	51.5687577254685	0.580896686159844	33	15.8051853810692	28.5636178418783	0.0160818713450292	1	645.5	23.5	4	2582	94
113273	1204	0.00500905249327746	0.00500078830475015	8.99631395154194e-05	0.000107271052078644	-7.95159072564653e-05	0.487252155778954	0.121664050235479	0	0.940685124443912	19.7683222834303	48.812312028313	0.586744639376218	31	16.0621524144926	28.5636178418783	0.0151072124756335	0.939393939393939	650.25	21.75	4	2601	87
113273	1205	0.00497370506391367	0.00497030713419309	9.66142552027047e-05	0.000128860753738748	-7.85296395098596e-05	0.395334044878638	0.131506535198349	0	0.943468986497774	19.6803399955008	51.5687577254685	0.587231968810916	30	15.9277642049526	28.5636178418783	0.0146198830409357	0.909090909090909	654.25	21.25	4	2617	85
113273	1200	0.00502495043378154	0.00502177151929594	9.78430406167411e-05	0.000128564787007426	-8.0137905668339e-05	0.827793624318614	0.0899234693877551	0	0.930429295205106	19.6879827365935	51.5687577254685	0.584795321637427	32	15.8586230294258	28.5636178418783	0.0155945419103314	0.96969696969697	647.5	23	4	2590	92
113273	1214	0.00492571763323601	0.00492881414190647	0.000102777231253358	0.000141182792441303	-7.99320842799117e-05	0.951142271117956	0.0744047619047619	0	0.938324398299188	19.603839617902	51.5687577254685	0.591617933723197	32	15.9647161698651	28.5636178418783	0.0155945419103314	0.96969696969697	659.75	23	4	2639	92
113273	1188	0.00505469005800742	0.00505110140649405	0.000100227680480962	0.000120518402179604	-8.68729137616425e-05	0.61874528278767	0.108418367346939	0	0.93681863718117	19.5097078542623	51.5687577254685	0.578947368421053	32	15.6679154131485	28.5636178418783	0.0155945419103314	0.96969696969697	643.75	23	4	2575	92
113273	1216	0.00494564419186792	0.0049346743928408	9.3250288106658e-05	0.000111167088623324	-8.29237582981249e-05	0.223013574164458	0.153756957328386	0	0.935577860616053	19.757201567182	51.5687577254685	0.592592592592593	31	16.0050517350462	28.5636178418783	0.0151072124756335	0.939393939393939	659	21	4	2636	84
113273	1190	0.00505407738432999	0.00504724645923553	0.000104969100690557	0.000126394526553649	-9.16050370003627e-05	0.896366713472155	0.0816326530612245	0	0.934741006716621	19.6609714993648	51.5687577254685	0.579922027290448	34	15.9983499737784	28.5636178418783	0.0165692007797271	1.03030303030303	644.25	24	4	2577	96
113273	1233	0.00488470905761679	0.00487381445229351	0.000100209427802125	0.000125519726859072	-8.6432212032655e-05	0.963945243664875	0.0714285714285714	0	0.943183651233396	19.695682297921	51.5687577254685	0.600877192982456	33	16.0820114922896	28.5636178418783	0.0160818713450292	1	667.25	23.5	4	2669	94
113273	1210	0.00498681634201953	0.00499113748160955	8.04130353881102e-05	0.000107881071557521	-6.28083010857107e-05	0.99392544391286	0.0607993197278912	0	0.936145196355231	19.7529494025458	51.5687577254685	0.589668615984405	32	15.6679154131485	28.5636178418783	0.0155945419103314	0.96969696969697	651.5	23	4	2606	92
113273	1180	0.0051102088475585	0.00510661435771774	0.000114652185219376	0.000135683994689103	-0.000100348392574322	0.673525461156758	0.105180533751962	0	0.934461348955202	19.6866214483883	51.5687577254685	0.57504873294347	31	15.8352471844245	28.5636178418783	0.0151072124756335	0.939393939393939	636.75	21.75	4	2547	87
113273	1196	0.00502397054872796	0.00502388471765132	9.00161498831182e-05	0.000121960939678447	-7.15353449567239e-05	0.310517529967386	0.139565503620803	0	0.944229516085205	19.6076042424095	51.5687577254685	0.582846003898636	32	15.8324135715632	28.5636178418783	0.0155945419103314	0.96969696969697	647.25	22.25	4	2589	89
113273	1213	0.00496221840909712	0.0049646234707298	0.0001164570907328	0.000166788389201608	-8.88049033705418e-05	0.776115863557525	0.0955672591617291	0	0.939547334130566	19.6813020457414	51.5687577254685	0.591130604288499	32	15.7263204311239	28.5636178418783	0.0155945419103314	0.96969696969697	655	22.25	4	2620	89
113273	1219	0.0049230845125041	0.00492534304966582	7.06462276995201e-05	9.36992726229169e-05	-5.61059061639263e-05	0.904498802904945	0.0802320928371349	0	0.934060700009963	19.5409489926221	51.5687577254685	0.594054580896686	35	15.7005075698851	28.5636178418783	0.017056530214425	1.06060606060606	660.25	24.5	4	2641	98
113273	1224	0.00490580306092786	0.00490483632064731	7.4355308797249e-05	0.000102589493673864	-5.8770670490789e-05	0.823465379900797	0.0903486394557823	0	0.938075605979257	19.5573194768829	51.5687577254685	0.596491228070175	32	15.6679154131485	28.5636178418783	0.0155945419103314	0.96969696969697	663	23	4	2652	92
113273	1222	0.00493076904035645	0.0049122963415077	0.000100567767372138	0.000109957637234359	-9.52036539257503e-05	0.338399716614687	0.137414965986395	0	0.935341777780347	19.6474265895246	51.5687577254685	0.59551656920078	32	16.3455123669303	28.5636178418783	0.0155945419103314	0.96969696969697	662	21.5	4	2648	86
113273	1215	0.00495543852465316	0.00494578362631452	9.18457996944444e-05	0.000116895698796538	-7.84486028812042e-05	0.288120083791946	0.141988710377768	0	0.93532371988503	19.6795673893649	51.5687577254685	0.592105263157895	31	15.7496709358608	28.5636178418783	0.0151072124756335	0.939393939393939	657.5	22.5	4	2630	90
113273	1183	0.00509154737247267	0.00509445306162044	9.15320877851944e-05	0.000128582212788923	-7.02037488587007e-05	0.703443086360609	0.101190476190476	0	0.942881773359739	19.6911987676196	51.5687577254685	0.576510721247563	32	15.9647161698651	28.5636178418783	0.0155945419103314	0.96969696969697	638.25	23	4	2553	92
113273	1192	0.00503306280973934	0.00503360789872673	8.56416327647345e-05	0.000106825304547168	-7.15031997713565e-05	0.302965392480014	0.141287284144427	0	0.9347847763452	19.5712998799028	51.5687577254685	0.580896686159844	31	15.8376264631499	28.5636178418783	0.0151072124756335	0.939393939393939	646	21.75	4	2584	87
113273	1232	0.00485838968480312	0.00486271037648539	7.72088640359671e-05	0.000104506066875192	-5.9897979673485e-05	0.98256042450861	0.0659183673469388	0	0.936639185241685	19.6865522811225	48.812312028313	0.600389863547758	34	15.8012332796371	28.5636178418783	0.0165692007797271	1.03030303030303	668.75	24	4	2675	96
113273	1220	0.00494508816343702	0.00494392381198825	7.81720282704326e-05	0.000108626995944901	-6.15943902652047e-05	0.6954984947447	0.102699144173798	0	0.943639672316114	19.7416158276529	51.5687577254685	0.594541910331384	32	16.0418500590884	28.5636178418783	0.0155945419103314	0.96969696969697	657.75	22.25	4	2631	89
113273	1203	0.00498853169705266	0.0049950216225963	9.05698004521053e-05	0.000124818424751933	-6.89560735098306e-05	0.796619881841837	0.0941915227629513	0	0.939437475392365	19.4369675247834	51.5687577254685	0.58625730994152	31	16.0631288020201	28.5636178418783	0.0151072124756335	0.939393939393939	651	21.75	4	2604	87
113273	1204	0.00500205157124521	0.00500460903524349	9.64341890827461e-05	0.000129225312422233	-7.62675141681786e-05	0.311482058527435	0.141465677179963	0	0.942190003826013	19.6712142245732	51.5687577254685	0.586744639376218	31	16.1510843293092	28.5636178418783	0.0151072124756335	0.939393939393939	649.75	21	4	2599	84
113273	1221	0.00493605857873284	0.00492711514682271	9.7642350063501e-05	0.000124877497123284	-8.28373919865565e-05	0.884292344997176	0.083061224489796	0	0.943801803839996	19.6660561278176	51.5687577254685	0.595029239766082	34	16.0489215466715	28.5636178418783	0.0165692007797271	1.03030303030303	660	24	4	2640	96
113273	1225	0.00489602209950855	0.00488114097326377	0.000104928377045213	0.000112728007685902	-9.99911082804895e-05	0.16156043327272	0.163265306122449	0	0.935300999240151	19.6323790787037	51.5687577254685	0.596978557504873	31	15.8376264631499	28.5636178418783	0.0151072124756335	0.939393939393939	666.25	21.75	4	2665	87
113273	1196	0.00501509915577226	0.0050064494591748	8.98341512504239e-05	0.000109679102288177	-7.83654348930204e-05	0.430383387626031	0.127158555729984	0	0.938136290241946	19.6004221308185	51.5687577254685	0.582846003898636	31	16.0621524144926	28.5636178418783	0.0151072124756335	0.939393939393939	649.5	21.75	4	2598	87
113273	1226	0.004946105804491	0.00494186167001327	0.000106171425237642	0.000138068005366449	-8.77201372542917e-05	0.586543706751937	0.111181972789116	0	0.937199243742817	19.6900205223533	51.5687577254685	0.597465886939571	32	15.8854249285117	28.5636178418783	0.0155945419103314	0.96969696969697	658	23	4	2632	92
113273	1201	0.00500328270731121	0.00500455735841364	8.11680146339016e-05	0.0001068716428843	-6.51919828440181e-05	0.965573865625368	0.0714285714285714	0	0.934624625514049	19.5697692102357	51.5687577254685	0.585282651072125	32	15.8854249285117	28.5636178418783	0.0155945419103314	0.96969696969697	649.75	23	4	2599	92
113273	1232	0.00490920923313775	0.00489928699139882	7.41574471564282e-05	8.85899435711237e-05	-6.61052314526194e-05	0.965573865625368	0.0714285714285714	0	0.94016735948416	19.9055868486978	51.5687577254685	0.600389863547758	32	15.6679154131485	28.5636178418783	0.0155945419103314	0.96969696969697	663.75	23	4	2655	92
113273	1207	0.00497008080807217	0.00497017538236343	9.1712365381186e-05	0.000118768997473587	-7.48535631068238e-05	0.965573865625368	0.0714285714285714	0	0.934821441874482	19.4744850139862	51.5687577254685	0.588206627680312	32	15.6679154131485	28.5636178418783	0.0155945419103314	0.96969696969697	654.25	23	4	2617	92
113273	1217	0.00492310017084108	0.00492161666657497	9.16986765454931e-05	0.000124634426421475	-7.31908702101763e-05	0.987148594416164	0.0640816326530613	0	0.937816639147699	19.6798862237517	51.5687577254685	0.59307992202729	34	15.8012332796371	28.5636178418783	0.0165692007797271	1.03030303030303	660.75	24	4	2643	96
113273	1184	0.00503886370135257	0.00503739955112935	8.47291013801391e-05	0.000114411882939308	-6.79146095814445e-05	0.802985791489466	0.0918367346938775	0	0.941660582389043	19.6745890155056	51.5687577254685	0.576998050682261	33	15.6680032470645	28.5636178418783	0.0160818713450292	1	645.5	23.5	4	2582	94
113273	1212	0.00494945193829415	0.00495710974789408	9.50710537723523e-05	0.00013802221520571	-6.97818972312014e-05	0.963945243664875	0.0714285714285714	0	0.935557705356008	19.7533522396809	51.5687577254685	0.590643274853801	33	15.6680032470645	28.5636178418783	0.0160818713450292	1	656	23.5	4	2624	94
113273	1213	0.00495673621209274	0.00496278534140632	8.02173242002512e-05	0.000109184879688436	-6.14556539070402e-05	0.806641073306653	0.0927145051569014	0	0.942971961005108	19.6598769441791	51.5687577254685	0.591130604288499	32	15.9738826472556	28.5636178418783	0.0155945419103314	0.96969696969697	655.25	22.25	4	2621	89
113273	1226	0.00490033220243884	0.00490656461676198	7.61954850925819e-05	0.00010780594726539	-5.67701567520992e-05	0.823465379900797	0.0903486394557823	0	0.933475054030801	19.6254088639296	51.5687577254685	0.597465886939571	32	15.6679154131485	28.5636178418783	0.0155945419103314	0.96969696969697	662.75	23	4	2651	92
113273	1235	0.00487222906596927	0.00486833552963844	9.19827783986328e-05	0.000123936283792566	-7.45395172039577e-05	0.973218273778734	0.069515306122449	0	0.942080176303455	19.6290443008436	51.5687577254685	0.601851851851852	32	15.6679154131485	28.5636178418783	0.0155945419103314	0.96969696969697	668	23	4	2672	92
113273	1199	0.00500292217099007	0.00500639969146551	0.000103235534425979	0.000139671714715039	-8.09134514648688e-05	0.302965392480014	0.141287284144427	0	0.939006503274727	19.4067128880736	51.5687577254685	0.584307992202729	31	15.8376264631499	28.5636178418783	0.0151072124756335	0.939393939393939	649.5	21.75	4	2598	87
113273	1206	0.00500480520987391	0.00500654629402002	9.12162797141056e-05	0.00013004035524961	-6.97885068548955e-05	0.586543706751937	0.111181972789116	0	0.9437322090978	19.8122417279806	51.5687577254685	0.587719298245614	32	15.6679154131485	28.5636178418783	0.0155945419103314	0.96969696969697	649.5	23	4	2598	92
113273	1219	0.00495505340424069	0.00495337443468397	0.000106072070073343	0.000139085032603205	-8.6450651075978e-05	0.470207007735735	0.121598639455782	0	0.93508788386403	19.7372833824207	51.5687577254685	0.594054580896686	32	15.6679154131485	28.5636178418783	0.0155945419103314	0.96969696969697	656.5	23	4	2626	92
113273	1214	0.00495573482268804	0.00495340802330366	9.6726974828075e-05	0.000123028969978655	-8.05539351202068e-05	0.524092495610624	0.116970998925886	0	0.943084415319913	19.7693200445128	51.5687577254685	0.591617933723197	33	15.9646987468047	28.5636178418783	0.0160818713450292	1	656.5	22.75	4	2626	91
113273	1220	0.00493715206393472	0.0049308077485664	9.60679058922711e-05	0.000125822572274044	-7.97680096021405e-05	0.586543706751937	0.111181972789116	0	0.93652623131868	19.564053948672	51.5687577254685	0.594541910331384	32	15.6679154131485	28.5636178418783	0.0155945419103314	0.96969696969697	659.5	23	4	2638	92
113273	1185	0.00507721037579773	0.00508444529156877	9.617206953282e-05	0.000141521739502403	-7.02395153938569e-05	0.470207007735735	0.121598639455782	0	0.946418314071255	19.7004343762316	51.5687577254685	0.577485380116959	32	15.6679154131485	28.5636178418783	0.0155945419103314	0.96969696969697	639.5	23	4	2558	92
113273	1211	0.00499154078273966	0.00497597813325102	9.02519749483659e-05	9.60396139752201e-05	-8.67865560075488e-05	0.832265910069462	0.0885714285714286	0	0.939628402130959	19.6518959405135	51.5687577254685	0.590155945419103	34	15.8012332796371	28.5636178418783	0.0165692007797271	1.03030303030303	653.5	24	4	2614	96
113273	1200	0.005017748564902	0.00501592911435947	8.68254364279906e-05	0.000114859805069991	-7.05302608647247e-05	0.278847209447383	0.142431972789116	0	0.939338518694189	19.8383035139928	51.5687577254685	0.584795321637427	32	15.7472066545019	28.5636178418783	0.0155945419103314	0.96969696969697	648.25	23	4	2593	92
113273	1228	0.00488931672378407	0.00489382106493602	9.35804198768694e-05	0.000134173501469021	-7.03621725714354e-05	0.958049191507038	0.0732545649838883	0	0.93911615451572	19.4535720802011	51.5687577254685	0.598440545808967	33	16.1677886741019	28.5636178418783	0.0160818713450292	1	664.5	22.75	4	2658	91
113273	1188	0.00507479931837827	0.00506881586805467	0.000113249681340003	0.000143580319641752	-9.54013537906133e-05	0.963945243664875	0.0714285714285714	0	0.939524210531587	19.6334339820514	51.5687577254685	0.578947368421053	33	15.8051853810692	28.5636178418783	0.0160818713450292	1	641.5	23.5	4	2566	94
113273	1208	0.00497925250034179	0.00496650969191234	0.000100865360042905	0.000119764483358584	-9.00828977941387e-05	0.873797526221062	0.0858020627605881	0	0.941305520618393	19.676999928457	51.5687577254685	0.58869395711501	32	15.8324135715632	28.5636178418783	0.0155945419103314	0.96969696969697	654.75	22.25	4	2619	89
113273	1184	0.00503790090700023	0.00504336444780524	9.7594179290833e-05	0.000139370728276211	-7.32676844854924e-05	0.302965392480014	0.141287284144427	0	0.941364191203813	19.7114754427886	51.5687577254685	0.576998050682261	31	15.8376264631499	28.5636178418783	0.0151072124756335	0.939393939393939	644.75	21.75	4	2579	87
113273	1197	0.00504575968854281	0.00503747485866617	8.57073610866848e-05	0.000102150339647546	-7.58626110584095e-05	0.36308977435039	0.134222919937206	0	0.944259362135791	19.6289010608758	51.5687577254685	0.583333333333333	31	15.8376264631499	28.5636178418783	0.0151072124756335	0.939393939393939	645.5	21.75	4	2582	87
113273	1226	0.00490444691729407	0.0049046775806191	7.93175485266731e-05	0.000109132257581684	-6.23678049571103e-05	0.963945243664875	0.0714285714285714	0	0.938319336033854	19.6261555061069	51.5687577254685	0.597465886939571	33	15.6680032470645	28.5636178418783	0.0160818713450292	1	663	23.5	4	2652	94
113273	1192	0.00505025711626898	0.0050510714352606	9.19869023811978e-05	0.000120510750211733	-7.43154527691895e-05	0.628076925042887	0.109105180533752	0	0.938595522093058	19.7034091658579	48.812312028313	0.580896686159844	31	16.0597731357671	28.5636178418783	0.0151072124756335	0.939393939393939	643.75	21.75	4	2575	87
113273	1234	0.00487434418427204	0.00486995695142131	9.37178513400373e-05	0.000123429444451915	-7.70496477423056e-05	0.967381085191565	0.0710034013605442	0	0.939194871099236	19.7032849123945	51.5687577254685	0.601364522417154	32	15.8854249285117	28.5636178418783	0.0155945419103314	0.96969696969697	667.75	23	4	2671	92
113273	1206	0.00499017851051403	0.00499123094273355	6.83745698555182e-05	9.35007613084846e-05	-5.36685336682839e-05	0.311482058527435	0.141465677179963	0	0.940406840838956	19.788639200498	51.5687577254685	0.587719298245614	31	16.1510843293092	28.5636178418783	0.0151072124756335	0.939393939393939	651.5	21	4	2606	84
113273	1222	0.00492422152155303	0.00491959693493222	9.15248461011203e-05	0.000125744200603207	-7.36274429866004e-05	0.963945243664875	0.0714285714285714	0	0.938631240801313	19.665438110001	51.5687577254685	0.59551656920078	33	15.6680032470645	28.5636178418783	0.0160818713450292	1	661	23.5	4	2644	94
113273	1212	0.0049740774976971	0.00496831580407878	7.21385694849944e-05	8.81662454520805e-05	-6.26163365594431e-05	0.61874528278767	0.108418367346939	0	0.944628058474977	19.7926372649052	51.5687577254685	0.590643274853801	32	15.6679154131485	28.5636178418783	0.0155945419103314	0.96969696969697	654.5	23	4	2618	92
113273	1192	0.0050208221986414	0.00502187329661579	9.38514212533265e-05	0.000117450923128184	-7.80557842365706e-05	0.711634078230137	0.100751879699248	0	0.938706276117617	19.5539600286339	51.5687577254685	0.580896686159844	33	16.1655535940871	28.5636178418783	0.0160818713450292	1	647.5	22.75	4	2590	91
113273	1230	0.00491889820131689	0.00491218808406923	9.38568961304091e-05	0.000119872021575232	-7.91875651658677e-05	0.87015639952937	0.0859748154580981	0	0.937043834942449	19.6195362863049	51.5687577254685	0.599415204678363	31	15.7463152696078	28.5636178418783	0.0151072124756335	0.939393939393939	662	22.5	4	2648	90
113273	1220	0.004919958428546	0.00492146990165667	9.82381645575381e-05	0.000137662821119789	-7.60200570842787e-05	0.953201315039773	0.073265306122449	0	0.937068875857454	19.6221169684854	51.5687577254685	0.594541910331384	34	16.0489215466715	28.5636178418783	0.0165692007797271	1.03030303030303	660.75	24	4	2643	96
113273	1223	0.00491791973100323	0.00491393690776442	8.75860558073383e-05	0.000118140815319396	-7.10208011560331e-05	0.845327861823414	0.0888742593811718	0	0.93669990787141	19.7816380393302	51.5687577254685	0.596003898635478	32	15.9738826472556	28.5636178418783	0.0155945419103314	0.96969696969697	661.75	22.25	4	2647	89
113273	1230	0.00487373466595287	0.00487917071366201	8.96906136999327e-05	0.000124260364952162	-6.84183975655174e-05	0.802985791489466	0.0918367346938775	0	0.938922252682333	19.5863561308252	51.5687577254685	0.599415204678363	33	15.8051853810692	28.5636178418783	0.0160818713450292	1	666.5	23.5	4	2666	94
113273	1240	0.00483442073796967	0.00482854928063219	8.84484580783207e-05	0.000120298460042541	-7.19669490361518e-05	0.434394261774177	0.125705601389492	0	0.938407770928227	19.5337761559698	51.5687577254685	0.604288499025341	31	15.7463152696078	28.5636178418783	0.0151072124756335	0.939393939393939	673.5	22.5	4	2694	90
113273	1185	0.00506411269547099	0.00506872642068121	8.91436108172853e-05	0.000125628964332991	-6.75923478563064e-05	0.278847209447383	0.142431972789116	0	0.94277097833756	19.6565596681598	51.5687577254685	0.577485380116959	32	15.6679154131485	28.5636178418783	0.0155945419103314	0.96969696969697	641.5	23	4	2566	92
113273	1236	0.00489543241573092	0.00490121141312846	9.45158669705399e-05	0.00013423149521166	-7.10001804109072e-05	0.16156043327272	0.163265306122449	0	0.937984150982937	19.8752413203158	51.5687577254685	0.60233918128655	31	15.8376264631499	28.5636178418783	0.0151072124756335	0.939393939393939	663.5	21.75	4	2654	87
113273	1201	0.00501025414761707	0.00500643672790033	9.24983672661496e-05	0.000115953681167624	-7.81702051557925e-05	0.465696162580495	0.12202380952381	0	0.932912457460714	19.7233212711606	51.5687577254685	0.585282651072125	32	15.6411135140625	28.5636178418783	0.0155945419103314	0.96969696969697	649.5	23	4	2598	92
113273	1154	0.00516256505146079	0.00516306224969331	9.47700781989625e-05	0.000123896566204447	-7.67754926259965e-05	0.719070631016492	0.100107411385607	0	0.946885252467537	19.6615422918429	51.5687577254685	0.562378167641326	33	16.2415248580251	28.5636178418783	0.0160818713450292	1	629.75	22.75	4	2519	91
113273	1211	0.00496114191882822	0.00496271038789256	9.69122936329559e-05	0.00014049565330457	-7.35677658708433e-05	0.963945243664875	0.0714285714285714	0	0.948005381810265	19.7483171535552	51.5687577254685	0.590155945419103	33	15.6680032470645	28.5636178418783	0.0160818713450292	1	655.25	23.5	4	2621	94
113273	1188	0.00505445774573826	0.00505898481254752	0.000106737903892478	0.000148603371139515	-8.18895163314494e-05	0.292939677163344	0.141759929778363	0	0.943596050607301	19.6530192739459	51.5687577254685	0.578947368421053	32	15.9738826472556	28.5636178418783	0.0155945419103314	0.96969696969697	642.75	22.25	4	2571	89
113273	1196	0.00501141218390695	0.00501050057029791	9.65851898902253e-05	0.000132033597840278	-7.66298939232428e-05	0.802985791489466	0.0918367346938775	0	0.9485833321232	19.7315933059273	51.5687577254685	0.582846003898636	33	15.8051853810692	28.5636178418783	0.0160818713450292	1	649	23.5	4	2596	94
113273	1204	0.00497607830216416	0.00498356944236765	9.1084972032327e-05	0.000133789178288902	-6.63370602308989e-05	0.701502996981714	0.0998399359743898	0	0.942004984697242	19.4890156354914	51.5687577254685	0.586744639376218	35	16.0381184719773	28.5636178418783	0.017056530214425	1.06060606060606	652.5	24.5	4	2610	98
113273	1248	0.00485247490470767	0.00484625569793696	8.31200332627449e-05	0.000114838567561427	-6.73048983211736e-05	0.914011630418356	0.0793877551020409	0	0.936477421985338	19.6880792303636	51.5687577254685	0.608187134502924	34	15.8012332796371	28.5636178418783	0.0165692007797271	1.03030303030303	671	24	4	2684	96
113273	1185	0.00510531034285623	0.00509648232863852	7.7568615432692e-05	9.20864657785646e-05	-6.90956775301691e-05	0.802985791489466	0.0918367346938775	0	0.938092013746753	19.5374684292625	51.5687577254685	0.577485380116959	33	15.8710931743617	28.5636178418783	0.0160818713450292	1	638	23.5	4	2552	94
113273	1230	0.00488959716644707	0.00488654439128191	8.56293566606711e-05	0.000115261343595307	-6.92520689653374e-05	0.61874528278767	0.108418367346939	0	0.932966108877512	19.7128139389086	51.5687577254685	0.599415204678363	32	15.9647161698651	28.5636178418783	0.0155945419103314	0.96969696969697	665.5	23	4	2662	92
113273	1204	0.00502800479282689	0.00501993228277295	8.03726562598955e-05	9.59196724971674e-05	-7.11454453144446e-05	0.963945243664875	0.0714285714285714	0	0.937639255229549	19.7461789810844	51.5687577254685	0.586744639376218	33	15.5651250502748	28.5636178418783	0.0160818713450292	1	647.75	23.5	4	2591	94
113273	1215	0.00496707662666043	0.00496455384451417	8.25079356502703e-05	0.000108972504047002	-6.73266757688875e-05	0.802985791489466	0.0918367346938775	0	0.936212367610701	19.5560486727727	51.5687577254685	0.592105263157895	33	15.8051853810692	28.5636178418783	0.0160818713450292	1	655	23.5	4	2620	94
113273	1191	0.00505006468257368	0.0050393416533507	0.000100358755254948	0.000115854175896319	-9.08116422755978e-05	0.963945243664875	0.0714285714285714	0	0.945343557932377	19.7280327648768	51.5687577254685	0.580409356725146	33	15.8051853810692	28.5636178418783	0.0160818713450292	1	645.25	23.5	4	2581	94
113273	1179	0.00508702334740071	0.0050826965048851	9.50228962470984e-05	0.000124041614575132	-7.84936437881718e-05	0.740730301403176	0.0987491770901909	0	0.941031325739505	19.5743611081973	51.5687577254685	0.574561403508772	32	16.0395451328232	28.5636178418783	0.0155945419103314	0.96969696969697	639.75	22.25	4	2559	89
113273	1242	0.00483767615714194	0.00483767419503746	8.24343230535861e-05	0.000112116337391894	-6.53328181079059e-05	0.963945243664875	0.0714285714285714	0	0.939334787819465	19.8595672526031	51.5687577254685	0.605263157894737	33	15.8051853810692	28.5636178418783	0.0160818713450292	1	672.25	23.5	4	2689	94
113273	1243	0.00486621594982608	0.00485374891857188	9.65596232991011e-05	0.000125113368652168	-8.22912094547422e-05	0.904498802904945	0.0802320928371349	0	0.938327012489601	19.6518834464556	51.5687577254685	0.605750487329435	35	15.7005075698851	28.5636178418783	0.017056530214425	1.06060606060606	670	24.5	4	2680	98
113273	1209	0.00497280765533334	0.00497415445488732	8.68767727185894e-05	0.000122772335697058	-6.69065112658627e-05	0.823465379900797	0.0903486394557823	0	0.942443884998252	19.6389201521417	51.5687577254685	0.589181286549708	32	15.6679154131485	28.5636178418783	0.0155945419103314	0.96969696969697	653.75	23	4	2615	92
113273	1207	0.0050009024994774	0.00499310285529798	9.24033986691576e-05	0.000113544853633599	-8.00458477623848e-05	0.6954984947447	0.102699144173798	0	0.939857770850071	19.7747936218985	51.5687577254685	0.588206627680312	32	15.9715777209903	28.5636178418783	0.0155945419103314	0.96969696969697	651.25	22.25	4	2605	89
113273	1218	0.0049274178105478	0.00492881186303768	8.26343841541188e-05	0.000120568489712319	-6.249074405954e-05	0.4951094374816	0.120254553434277	0	0.946408160192168	19.4375571390022	51.5687577254685	0.593567251461988	32	15.9738826472556	28.5636178418783	0.0155945419103314	0.96969696969697	659.75	22.25	4	2639	89
113273	1190	0.0050442772589819	0.0050413715021132	9.59275660705097e-05	0.000122014393389586	-8.00580898040468e-05	0.909657748430612	0.08078231292517	0	0.939397961388931	19.7125185353725	51.5687577254685	0.579922027290448	32	15.6679154131485	28.5636178418783	0.0155945419103314	0.96969696969697	645	23	4	2580	92
113273	1223	0.00490821952274593	0.00490488734422781	7.80911708801388e-05	0.000102987491552646	-6.40581800953184e-05	0.98256042450861	0.0659183673469388	0	0.937879047510253	19.8329359764834	51.5687577254685	0.596003898635478	34	15.5682335468072	28.5636178418783	0.0165692007797271	1.03030303030303	663	24	4	2652	96
113273	1208	0.0049890060101751	0.00499698421809633	9.83834210301462e-05	0.000141761128157582	-7.25188894076777e-05	0.278847209447383	0.142431972789116	0	0.940433527779277	19.5292375062542	51.5687577254685	0.58869395711501	32	15.9566431420271	28.5636178418783	0.0155945419103314	0.96969696969697	650.75	23	4	2603	92
113273	1228	0.00491616719935481	0.00491792357377353	8.04841303226572e-05	0.000112528459225155	-6.2179435119123e-05	0.845327861823414	0.0888742593811718	0	0.937957563183035	19.5937898755045	51.5687577254685	0.598440545808967	32	15.8324135715632	28.5636178418783	0.0155945419103314	0.96969696969697	661.25	22.25	4	2645	89
113273	1193	0.00508238330727331	0.00507664069677587	7.83170409860908e-05	9.02257696869478e-05	-7.04892371590711e-05	0.795057768356353	0.0938117182356813	0	0.937920077850103	19.6756219670861	51.5687577254685	0.581384015594542	32	15.9738826472556	28.5636178418783	0.0155945419103314	0.96969696969697	640.5	22.25	4	2562	89
113273	1214	0.00495477073733856	0.00494389638253756	7.77948183344811e-05	9.25159608660781e-05	-6.96195682991568e-05	0.973218273778734	0.069515306122449	0	0.935979381780832	19.7090783750936	51.5687577254685	0.591617933723197	32	15.6679154131485	28.5636178418783	0.0155945419103314	0.96969696969697	657.75	23	4	2631	92
113273	1228	0.00490883200405497	0.00491771628747263	0.000101623017441728	0.000149966106545337	-7.35964369172492e-05	0.478318371500374	0.121160042964554	0	0.937437066459924	19.6104405249621	51.5687577254685	0.598440545808967	33	15.9646987468047	28.5636178418783	0.0160818713450292	1	661.25	22.75	4	2645	91
113273	1207	0.00498037229728132	0.00497597238167518	8.66378075898015e-05	0.000107757157764385	-7.37884703798634e-05	0.963945243664875	0.0714285714285714	0	0.938920448558224	19.7640540666813	51.5687577254685	0.588206627680312	33	15.8051853810692	28.5636178418783	0.0160818713450292	1	653.5	23.5	4	2614	94
113273	1224	0.0049173835767624	0.0049141497176613	0.00010986545948014	0.000141765482750675	-9.08564525935932e-05	0.963945243664875	0.0714285714285714	0	0.940440859518787	19.646150695311	51.5687577254685	0.596491228070175	33	15.6680032470645	28.5636178418783	0.0160818713450292	1	661.75	23.5	4	2647	94
113273	1207	0.0049777591491177	0.00498735498424753	8.2115756566356e-05	0.000132788623897143	-5.55164228582058e-05	0.984923455595066	0.0656887755102041	0	0.945803178751479	19.6077040238327	51.5687577254685	0.588206627680312	32	15.6679154131485	28.5636178418783	0.0155945419103314	0.96969696969697	652	23	4	2608	92
113273	1239	0.00485310549250378	0.00484654699128804	0.000109779725246453	0.000139146765393455	-9.26843961856495e-05	0.843719276577666	0.088797221016066	0	0.937105162540861	19.6390618469086	51.5687577254685	0.603801169590643	31	15.7463152696078	28.5636178418783	0.0151072124756335	0.939393939393939	671	22.5	4	2684	90
113273	1198	0.00500745432538612	0.005004572784333	8.40275508322443e-05	0.000100678295259801	-7.29756019927745e-05	0.870866130379953	0.086131226684222	0	0.940818538566403	19.7848432954711	51.5687577254685	0.583820662768031	32	15.9738826472556	28.5636178418783	0.0155945419103314	0.96969696969697	649.75	22.25	4	2599	89
113273	1183	0.00507017438337776	0.00507265839076426	9.717930175459e-05	0.000138343447499631	-7.41847211523056e-05	0.4951094374816	0.120254553434277	0	0.9413481396753	19.7127741459817	51.5687577254685	0.576510721247563	32	15.9738826472556	28.5636178418783	0.0155945419103314	0.96969696969697	641	22.25	4	2564	89
113273	1200	0.00501056777692496	0.00500464104402616	0.000102016643332808	0.000128136289374864	-8.65608774894835e-05	0.963945243664875	0.0714285714285714	0	0.931114545222388	19.6028961366231	51.5687577254685	0.584795321637427	33	15.8710931743617	28.5636178418783	0.0160818713450292	1	649.75	23.5	4	2599	94
